0 92 117 -0.2067 1.0000
1 86 113 -0.1847 1.0000
2 86 113 -0.1847 1.0000
3 86 113 -0.1849 1.0000
4 83 116 -0.2187 1.0000
5 81 117 -0.2187 1.0000
6 79 119 -0.2186 1.0000
7 82 120 -0.0646 1.0000
8 74 129 -0.2206 1.0000
9 96 123 -0.1580 1.0000
10 94 126 -0.2039 1.0000
11 91 142 0.0866 0.9996
12 93 155 -0.3016 0.9999
13 105 103 0.2506 0.6027
14 146 121 -0.3640 0.9970
15 98 66 0.2712 0.7598
16 173 69 -0.2833 0.9801
17 98 50 0.2816 0.7026
18 185 59 -0.3231 0.9453
19 100 47 0.2395 0.7154
20 182 54 -0.3073 0.9452
21 100 53 0.2527 0.7150
22 178 58 -0.2764 0.9221
23 163 195 0.1261 0.9944
24 168 207 -0.1261 0.9961
25 148 114 0.1004 0.3795
26 153 121 -0.1880 0.9120
27 214 77 0.1487 0.2692
28 224 81 -0.0866 0.8760
29 225 77 0.1491 0.2559
30 234 80 -0.0776 0.7995
31 215 48 0.1135 0.3736
32 227 46 -0.1212 0.8894
