0 81 139 0.1893 1.0000
1 80 138 0.1455 1.0000
2 79 138 0.1456 1.0000
3 79 138 0.1456 1.0000
4 81 137 0.1486 1.0000
5 82 136 0.1487 1.0000
6 83 136 0.1485 1.0000
7 79 140 0.0026 1.0000
8 85 136 0.0179 1.0000
9 82 141 0.1498 1.0000
10 84 140 0.1531 0.9999
11 79 153 0.0410 0.9994
12 100 142 -0.0218 0.9999
13 82 150 0.2976 0.6044
14 108 129 0.2026 0.9671
15 86 134 0.5549 0.7562
16 102 115 0.4542 0.9768
17 86 132 0.5848 0.7947
18 101 112 0.4703 0.9666
19 88 131 0.5675 0.7922
20 99 113 0.4525 0.9644
21 88 132 0.5574 0.7656
22 99 115 0.4569 0.9533
23 92 191 -0.0394 1.0000
24 105 188 0.0386 1.0000
25 65 197 0.1719 0.9996
26 113 200 0.3746 0.9907
27 41 203 0.2791 0.9974
28 108 195 0.7998 0.9509
29 38 206 0.2996 0.9953
30 107 195 0.8556 0.9510
31 34 200 0.2783 0.9818
32 109 193 0.9044 0.8551
