0 78 88 -0.1594 0.9999
1 77 85 -0.1393 1.0000
2 77 85 -0.1395 1.0000
3 77 85 -0.1396 1.0000
4 76 85 -0.1891 1.0000
5 75 85 -0.1893 0.9999
6 74 85 -0.1893 1.0000
7 72 86 -0.0237 0.9999
8 69 86 -0.2476 0.9999
9 77 91 -0.1110 0.9999
10 75 92 -0.1761 0.9999
11 69 100 0.1469 0.9994
12 62 100 -0.3223 0.9999
13 72 115 0.2327 0.0424
14 69 119 -0.3013 0.9265
15 83 110 0.1522 0.0997
16 84 111 -0.0935 0.7769
17 87 109 0.1524 0.1340
18 87 109 -0.0967 0.7350
19 87 107 0.1342 0.1420
20 87 107 -0.1047 0.7420
21 86 108 0.1399 0.1514
22 85 107 -0.0892 0.7071
23 58 130 0.1435 0.9994
24 52 133 -0.1432 0.9999
25 85 127 0.1529 0.6531
26 82 130 -0.3760 0.9885
27 104 149 0.1751 0.8481
28 75 165 -0.4420 0.9917
29 104 157 0.1753 0.8184
30 82 168 -0.4480 0.9802
31 116 145 0.1281 0.8779
32 97 163 -0.5415 0.9872
