0 60 23 0.0165 0.9575
1 61 24 0.0046 0.9576
2 61 24 0.0045 0.9646
3 61 24 0.0044 0.9628
4 61 24 0.0061 0.9474
5 61 24 0.0061 0.9425
6 61 24 0.0058 0.9454
7 60 25 -0.0118 0.9537
8 60 25 -0.0023 0.9366
9 59 24 0.0169 0.9602
10 59 24 0.0196 0.9567
11 54 26 0.0229 0.9982
12 57 23 -0.0465 0.9994
13 45 17 0.0019 0.1151
14 52 12 -0.0665 0.4365
15 39 12 -0.0727 0.1296
16 48 5 -0.0883 0.3618
17 37 11 -0.0779 0.1680
18 49 4 -0.1044 0.3429
19 37 11 -0.1025 0.1767
20 49 4 -0.1119 0.3521
21 38 11 -0.0840 0.1628
22 48 5 -0.0930 0.3330
23 40 8 0.0543 0.9981
24 42 6 -0.0545 0.9981
25 36 22 0.0512 0.5336
26 38 19 -0.1200 0.9138
27 28 18 0.0469 0.4401
28 30 18 0.0386 0.4295
29 27 17 0.0457 0.3607
30 30 17 0.0594 0.3502
31 27 20 0.0235 0.4462
32 27 21 0.0782 0.3860
