0 257 162 0.2174 0.9998
1 257 160 0.2262 0.9997
2 257 159 0.2262 0.9996
3 256 159 0.2262 0.9997
4 258 160 0.2012 0.9998
5 259 160 0.2012 0.9997
6 259 160 0.2011 0.9997
7 253 156 0.2466 0.9994
8 257 158 0.1324 0.9997
9 254 163 0.2265 0.9992
10 255 163 0.1931 0.9994
11 237 160 0.2769 0.9996
12 251 163 0.0324 1.0000
13 229 181 0.3126 0.0701
14 255 177 0.0320 0.8514
15 234 195 0.2788 0.3328
16 252 185 0.1779 0.6636
17 234 197 0.2820 0.3820
18 252 187 0.1839 0.6031
19 236 196 0.2694 0.4019
20 251 186 0.1933 0.5727
21 235 195 0.2708 0.3980
22 245 184 0.1862 0.5384
23 205 180 0.0812 1.0000
24 213 181 -0.0817 1.0000
25 211 203 0.2393 0.8426
26 220 196 0.0578 0.9866
27 185 209 0.2364 0.9603
28 203 215 0.0835 0.9894
29 180 208 0.2332 0.9616
30 197 214 0.0845 0.9761
31 185 220 0.2171 0.9766
32 205 224 0.0632 0.9869
