0 286 157 -0.5880 0.9999
1 284 165 -0.6064 0.9999
2 282 167 -0.6063 0.9999
3 280 169 -0.6064 0.9999
4 291 162 -0.5900 0.9999
5 294 162 -0.5902 0.9999
6 296 162 -0.5904 0.9999
7 277 178 -0.5827 0.9999
8 298 168 -0.5147 0.9999
9 279 160 -0.5678 0.9999
10 287 157 -0.5479 0.9999
11 242 178 -0.5234 0.9999
12 305 167 -0.3786 1.0000
13 215 121 -0.5449 0.9956
14 301 117 -0.3013 0.8752
15 208 64 -0.5700 0.9935
16 282 76 -0.3620 0.9703
17 197 55 -0.6432 0.9708
18 284 62 -0.3992 0.9532
19 202 49 -0.6477 0.9731
20 278 64 -0.4428 0.9629
21 207 52 -0.5776 0.9575
22 276 69 -0.3806 0.9552
23 220 166 -0.0584 1.0000
24 246 161 0.0579 0.9999
25 215 123 0.2261 0.3336
26 236 151 0.3564 0.0762
27 210 106 0.5485 0.4114
28 220 146 0.6911 0.0716
29 209 107 0.5820 0.3626
30 216 148 0.7268 0.0771
31 213 91 0.5536 0.5308
32 216 136 0.7083 0.1807
