0 82 72 0.2267 1.0000
1 79 69 0.1957 1.0000
2 77 70 0.1958 1.0000
3 76 70 0.1958 1.0000
4 83 69 0.1860 1.0000
5 85 69 0.1861 1.0000
6 86 70 0.1860 1.0000
7 73 73 0.1059 1.0000
8 87 73 0.0608 1.0000
9 79 76 0.2066 1.0000
10 83 75 0.1926 1.0000
11 61 91 0.1646 0.9998
12 97 85 -0.0447 1.0000
13 46 108 0.4319 0.7911
14 107 65 0.0246 0.9921
15 56 91 0.6883 0.4849
16 118 42 0.2073 0.9912
17 56 88 0.7452 0.5235
18 121 36 0.2205 0.9860
19 58 87 0.7238 0.5203
20 120 35 0.2344 0.9853
21 59 88 0.6912 0.5075
22 118 37 0.2209 0.9763
23 64 155 0.0785 1.0000
24 86 156 -0.0793 1.0000
25 53 196 0.1687 0.9997
26 123 172 -0.0525 0.9995
27 37 237 0.1819 0.9991
28 118 216 -0.0646 0.9990
29 34 242 0.1879 0.9989
30 112 224 -0.0598 0.9972
31 36 253 0.2067 0.9804
32 135 226 -0.0294 0.9905
