0 276 54 0.0715 0.9997
1 276 50 0.0620 0.9998
2 275 49 0.0620 0.9997
3 275 49 0.0619 0.9998
4 276 50 0.0327 0.9999
5 276 50 0.0327 0.9998
6 276 50 0.0327 0.9998
7 270 48 0.0496 0.9999
8 272 49 -0.0866 0.9997
9 274 56 0.0760 0.9995
10 273 55 0.0352 0.9995
11 249 57 0.1147 0.9982
12 266 60 -0.1814 0.9999
13 235 58 0.3690 0.6794
14 281 59 -0.4041 0.9600
15 245 44 0.5980 0.6522
16 288 46 -0.6178 0.9470
17 245 40 0.6435 0.6749
18 290 45 -0.6703 0.9459
19 247 40 0.6149 0.6853
20 290 43 -0.6443 0.9450
21 248 40 0.5948 0.6727
22 289 44 -0.6114 0.9115
23 251 113 0.1231 0.9993
24 265 115 -0.1232 0.9998
25 273 141 0.2840 0.3472
26 281 147 -0.0165 0.9740
27 277 169 0.4615 0.2661
28 285 184 0.0251 0.9779
29 272 175 0.4787 0.4016
30 280 194 0.0292 0.9791
31 286 174 0.4744 0.2706
32 304 191 -0.0230 0.9381
