0 106 60 -0.0292 0.9987
1 106 58 -0.0631 0.9991
2 106 58 -0.0631 0.9993
3 106 57 -0.0632 0.9993
4 106 58 -0.0156 0.9986
5 106 58 -0.0156 0.9984
6 106 57 -0.0157 0.9986
7 109 57 -0.1472 0.9991
8 109 57 0.0676 0.9982
9 108 61 -0.0544 0.9976
10 107 61 0.0076 0.9946
11 117 61 -0.2481 0.9982
12 114 65 0.1992 0.9952
13 103 66 -0.2933 0.9251
14 104 69 0.2899 0.2600
15 96 56 -0.1779 0.9204
16 97 60 0.2678 0.4613
17 93 54 -0.2024 0.9143
18 95 57 0.2696 0.4284
19 94 53 -0.2042 0.9133
20 95 56 0.2653 0.4266
21 95 54 -0.1754 0.8861
22 96 56 0.2615 0.4045
23 128 89 -0.1347 0.9995
24 124 90 0.1348 0.9994
25 114 97 -0.3089 0.8966
26 114 98 0.2090 0.4170
27 122 115 -0.1204 0.7817
28 121 116 0.3428 0.4182
29 124 116 -0.0983 0.7853
30 124 118 0.3559 0.4797
31 116 124 -0.1187 0.8112
32 118 123 0.3390 0.5112
