0 156 79 0.1035 1.0000
1 158 76 0.0695 1.0000
2 159 76 0.0695 1.0000
3 159 76 0.0696 1.0000
4 158 75 0.1072 1.0000
5 159 75 0.1072 1.0000
6 160 74 0.1073 1.0000
7 165 75 -0.0300 1.0000
8 167 73 0.1401 1.0000
9 160 83 0.0735 1.0000
10 160 82 0.1221 1.0000
11 169 91 -0.1398 0.9999
12 186 86 0.2257 0.9998
13 134 78 -0.1566 0.9982
14 170 54 0.3969 0.8136
15 116 62 0.0062 0.9949
16 157 32 0.4692 0.9696
17 110 57 -0.0024 0.9884
18 152 22 0.4798 0.9606
19 112 54 -0.0037 0.9881
20 150 23 0.4552 0.9609
21 116 56 0.0110 0.9853
22 151 28 0.4588 0.9569
23 175 162 -0.1389 0.9999
24 181 164 0.1388 0.9999
25 109 146 -0.1313 0.9756
26 172 224 0.0471 0.9663
27 110 200 -0.0706 0.9804
28 189 282 0.0400 0.9844
29 118 212 -0.0619 0.9782
30 197 288 0.0376 0.9809
31 101 219 -0.0611 0.9850
32 177 301 -0.0020 0.9762
