0 287 72 0.1523 1.0000
1 286 70 0.1294 1.0000
2 285 70 0.1294 1.0000
3 284 70 0.1294 1.0000
4 289 70 0.1385 1.0000
5 290 70 0.1385 1.0000
6 291 70 0.1384 1.0000
7 284 72 0.0374 1.0000
8 294 72 0.0764 0.9999
9 286 75 0.1225 0.9998
10 289 75 0.1328 0.9997
11 275 83 -0.0268 0.9999
12 309 85 0.0733 0.9998
13 256 65 -0.0289 0.9900
14 335 96 0.1737 0.9658
15 242 48 0.0336 0.9934
16 331 80 0.3295 0.8729
17 237 43 0.0413 0.9885
18 332 76 0.3573 0.8446
19 239 41 0.0481 0.9871
20 328 75 0.3617 0.8273
21 240 43 0.0406 0.9781
22 326 77 0.3371 0.7956
23 293 146 -0.0325 0.9999
24 313 142 0.0317 0.9999
25 265 171 0.0392 0.9995
26 342 169 0.1073 0.9983
27 288 203 -0.0129 0.9954
28 367 198 -0.0365 0.9864
29 294 206 -0.0116 0.9976
30 369 204 -0.0474 0.9925
31 280 218 -0.0047 0.9704
32 373 205 -0.0471 0.9241
