0 107 97 0.0026 1.0000
1 106 94 0.0109 1.0000
2 106 94 0.0108 0.9999
3 106 94 0.0108 0.9999
4 106 94 -0.0171 1.0000
5 106 94 -0.0171 1.0000
6 106 94 -0.0171 0.9999
7 102 94 0.0603 0.9999
8 103 95 -0.0669 0.9999
9 105 100 0.0256 0.9998
10 106 100 -0.0115 0.9998
11 83 109 0.1241 0.9996
12 103 110 -0.1434 0.9997
13 65 122 0.1479 0.9893
14 109 126 -0.3087 0.9869
15 47 131 0.1555 0.9523
16 120 139 -0.4358 0.9544
17 42 132 0.1623 0.8947
18 123 142 -0.4691 0.9349
19 42 132 0.1546 0.8876
20 124 141 -0.4518 0.9322
21 44 132 0.1527 0.8313
22 122 140 -0.4304 0.8839
23 74 153 0.0815 0.9981
24 84 155 -0.0820 0.9969
25 62 187 0.0724 0.9024
26 74 191 -0.0676 0.9637
27 49 223 0.0953 0.9177
28 66 229 -0.0440 0.9613
29 47 229 0.0937 0.9164
30 59 233 -0.0431 0.9242
31 56 231 0.0421 0.9001
32 73 237 -0.1048 0.9465
