0 214 104 0.0258 1.0000
1 217 99 0.0101 1.0000
2 218 99 0.0102 1.0000
3 220 99 0.0101 1.0000
4 214 100 0.0478 1.0000
5 213 99 0.0478 1.0000
6 213 99 0.0478 1.0000
7 229 99 -0.0100 1.0000
8 219 100 0.1627 1.0000
9 218 109 0.0214 1.0000
10 215 109 0.0716 1.0000
11 247 122 -0.0875 1.0000
12 211 122 0.2583 0.9998
13 241 156 -0.2339 0.9974
14 185 143 0.1289 0.5526
15 207 139 -0.3356 0.9882
16 171 134 -0.1680 0.5091
17 198 139 -0.3812 0.9726
18 167 133 -0.2036 0.4284
19 197 134 -0.3573 0.9690
20 170 130 -0.2108 0.4053
21 200 134 -0.3249 0.9499
22 173 131 -0.1809 0.4012
23 211 182 -0.1287 0.9999
24 196 176 0.1288 0.9994
25 151 176 -0.2139 0.9015
26 146 177 0.0015 0.1836
27 103 210 -0.2103 0.7161
28 110 210 0.0139 0.0864
29 101 222 -0.2070 0.7875
30 110 219 0.0146 0.1260
31 77 207 -0.2673 0.6981
32 88 211 -0.0573 0.1077
