0 329 130 -0.1793 0.9999
1 335 130 -0.1860 0.9999
2 336 132 -0.1860 0.9998
3 338 134 -0.1859 0.9998
4 333 126 -0.1632 0.9999
5 333 125 -0.1633 0.9999
6 332 124 -0.1633 0.9999
7 340 140 -0.1575 0.9998
8 334 129 -0.0536 0.9999
9 326 137 -0.1623 0.9998
10 324 132 -0.1317 0.9997
11 316 152 -0.2021 0.9985
12 319 154 0.1063 0.9995
13 281 123 -0.2248 0.9821
14 287 122 0.1535 0.4636
15 268 84 -0.1499 0.9743
16 274 86 0.1055 0.6711
17 264 73 -0.1729 0.9513
18 270 77 0.1161 0.6546
19 267 71 -0.1392 0.9461
20 271 75 0.0812 0.6569
21 268 74 -0.1341 0.9282
22 272 77 0.0906 0.6613
23 242 185 -0.0925 0.9959
24 243 192 0.0921 0.9976
25 231 116 -0.0229 0.9858
26 192 169 0.2067 0.8745
27 174 137 0.1487 0.9615
28 139 180 0.3082 0.9342
29 166 146 0.1691 0.9562
30 130 187 0.3202 0.9428
31 155 119 0.2257 0.9393
32 131 164 0.3332 0.9275
