0 222 55 -0.5087 0.9999
1 225 50 -0.5212 0.9999
2 228 50 -0.5211 0.9999
3 231 50 -0.5213 0.9999
4 221 50 -0.4960 0.9998
5 220 49 -0.4962 0.9998
6 219 49 -0.4963 0.9999
7 239 50 -0.4955 0.9998
8 222 48 -0.3761 0.9998
9 229 60 -0.4918 1.0000
10 222 59 -0.4573 0.9999
11 259 73 -0.4219 0.9998
12 216 57 -0.2777 1.0000
13 276 106 -0.6403 0.9941
14 188 42 -0.2840 0.9964
15 277 79 -0.8322 0.9388
16 157 24 -0.3315 0.9814
17 277 71 -0.8745 0.8289
18 145 19 -0.3449 0.9272
19 276 67 -0.8588 0.8125
20 144 18 -0.3690 0.9270
21 277 72 -0.8331 0.7871
22 148 20 -0.3461 0.9392
23 233 132 -0.0617 0.9959
24 212 115 0.0618 0.9986
25 189 160 -0.0927 0.9597
26 170 140 -0.0813 0.9517
27 154 185 0.1235 0.9374
28 138 176 0.0506 0.9532
29 148 190 0.1388 0.7199
30 135 183 0.0576 0.8513
31 135 194 0.0200 0.8877
32 112 181 -0.0628 0.9474
