0 191 118 0.4534 0.9973
1 192 115 0.4333 0.9989
2 191 115 0.4333 0.9990
3 191 115 0.4333 0.9990
4 193 117 0.4465 0.9984
5 194 117 0.4464 0.9982
6 194 118 0.4463 0.9983
7 191 115 0.3291 0.9979
8 196 120 0.3901 0.9982
9 189 119 0.4163 0.9944
10 191 120 0.4333 0.9940
11 178 119 0.1886 0.9998
12 203 140 0.3535 0.9995
13 159 102 0.0935 0.9742
14 209 163 0.4538 0.6154
15 144 83 0.0751 0.9887
16 208 156 0.6213 0.3847
17 139 78 0.0580 0.9852
18 210 156 0.6437 0.4017
19 140 77 0.0661 0.9853
20 209 153 0.6458 0.3975
21 142 78 0.0792 0.9697
22 208 152 0.6268 0.4235
23 158 165 -0.0750 0.9999
24 175 174 0.0746 0.9997
25 124 185 -0.0732 0.9938
26 184 208 0.0977 0.9318
27 142 220 -0.1581 0.9881
28 201 242 -0.0502 0.8967
29 148 224 -0.1666 0.9935
30 203 248 -0.0657 0.9704
31 123 227 -0.1781 0.9691
32 206 253 -0.0742 0.8121
