0 298 42 0.6980 0.9995
1 298 37 0.6602 0.9997
2 297 36 0.6602 0.9996
3 296 36 0.6603 0.9997
4 302 37 0.6840 0.9997
5 304 37 0.6840 0.9996
6 306 37 0.6836 0.9997
7 296 35 0.4876 0.9985
8 311 38 0.5969 0.9996
9 297 45 0.6356 0.9975
10 302 46 0.6672 0.9981
11 279 49 0.2943 0.9996
12 337 65 0.4968 0.9997
13 233 55 0.2049 0.9795
14 365 98 0.5838 0.5649
15 198 53 0.1830 0.9794
16 338 106 0.7223 0.4718
17 187 53 0.1586 0.9672
18 333 109 0.7391 0.4387
19 187 52 0.1694 0.9686
20 329 108 0.7249 0.4396
21 191 53 0.1888 0.9380
22 330 107 0.7221 0.4867
23 289 129 -0.0805 0.9996
24 326 138 0.0799 0.9998
25 215 167 -0.0194 0.9996
26 323 215 0.1345 0.9948
27 234 234 -0.2972 0.9989
28 342 272 -0.1899 0.9950
29 245 246 -0.3215 0.9985
30 346 283 -0.2234 0.9970
31 206 253 -0.2826 0.9907
32 335 279 -0.2425 0.9512
