0 37 57 0.0216 0.9996
1 34 55 0.0338 0.9994
2 34 55 0.0342 0.9994
3 34 55 0.0345 0.9995
4 34 55 -0.0679 0.9996
5 34 55 -0.0678 0.9996
6 34 55 -0.0677 0.9997
7 31 58 0.1394 0.9995
8 32 57 -0.3190 0.9996
9 36 60 0.0803 0.9990
10 36 60 -0.0544 0.9987
11 23 74 0.4305 0.9861
12 36 69 -0.5750 0.9988
13 27 69 1.0115 0.2014
14 55 55 -0.8153 0.9962
15 32 64 1.3393 0.2376
16 72 43 -0.7173 0.9934
17 30 62 1.4412 0.2701
18 77 39 -0.8308 0.9888
19 31 61 1.3507 0.2829
20 75 38 -0.7761 0.9876
21 32 62 1.3140 0.3074
22 73 39 -0.6964 0.9770
23 28 111 0.3061 0.5016
24 35 111 -0.3056 0.5725
25 39 84 0.5677 0.0291
26 41 82 -0.2576 0.7496
27 44 87 1.1453 0.0540
28 47 87 0.3481 0.4535
29 43 93 1.1966 0.0828
30 46 90 0.4133 0.4988
31 50 82 1.1787 0.1234
32 58 82 0.4169 0.5037
