0 207 73 -0.2260 0.9973
1 208 71 -0.2490 0.9956
2 208 71 -0.2490 0.9940
3 208 72 -0.2490 0.9956
4 208 70 -0.2300 0.9978
5 208 70 -0.2301 0.9976
6 208 70 -0.2302 0.9980
7 210 72 -0.2984 0.9909
8 211 70 -0.2122 0.9970
9 208 76 -0.2390 0.9968
10 208 75 -0.2140 0.9978
11 211 82 -0.3152 0.9997
12 218 78 -0.1257 0.9997
13 196 73 -0.3298 0.9698
14 207 95 -0.0942 0.2948
15 182 51 -0.3050 0.9624
16 200 112 -0.1713 0.4100
17 179 48 -0.3447 0.9281
18 199 116 -0.1822 0.3929
19 179 45 -0.3420 0.9274
20 199 117 -0.2155 0.3845
21 180 48 -0.3070 0.8963
22 200 115 -0.1858 0.3766
23 219 115 -0.0749 0.9999
24 221 106 0.0748 0.9999
25 189 121 -0.1093 0.9799
26 197 83 0.0807 0.4629
27 168 142 -0.0314 0.9892
28 188 108 0.1840 0.6955
29 167 146 -0.0282 0.9633
30 188 113 0.1900 0.7156
31 157 141 -0.1091 0.9649
32 178 108 0.1483 0.7029
