0 138 139 0.0747 0.9995
1 138 132 0.0759 0.9994
2 137 131 0.0759 0.9993
3 136 130 0.0758 0.9994
4 137 131 0.0407 0.9995
5 136 131 0.0408 0.9995
6 135 130 0.0407 0.9996
7 127 127 0.1104 0.9992
8 127 127 -0.0523 0.9994
9 134 143 0.0972 0.9983
10 133 143 0.0494 0.9975
11 98 146 0.1897 0.9983
12 117 145 -0.1124 0.9998
13 125 150 0.3635 0.0554
14 171 140 -0.1788 0.9838
15 133 147 0.3737 0.0868
16 209 105 -0.0641 0.9534
17 131 145 0.3926 0.1195
18 219 95 -0.0796 0.9217
19 132 141 0.3754 0.1313
20 218 91 -0.0584 0.9177
21 134 143 0.3687 0.1268
22 216 94 -0.0517 0.8749
23 87 237 0.0859 0.9953
24 96 240 -0.0864 0.9992
25 105 196 0.3575 0.0222
26 108 196 -0.0513 0.8210
27 129 210 0.6155 0.0752
28 132 220 0.1353 0.5775
29 129 218 0.6428 0.1307
30 130 226 0.1565 0.6341
31 145 199 0.6830 0.1824
32 153 215 0.1916 0.6227
