0 66 103 -0.1486 0.9993
1 65 100 -0.1436 0.9989
2 65 100 -0.1436 0.9986
3 65 100 -0.1437 0.9989
4 64 101 -0.1673 0.9991
5 63 100 -0.1673 0.9989
6 62 101 -0.1673 0.9989
7 62 101 -0.0905 0.9977
8 60 101 -0.1973 0.9987
9 65 106 -0.1233 0.9983
10 64 106 -0.1543 0.9988
11 57 111 0.0068 0.9994
12 56 115 -0.2165 0.9997
13 66 127 0.1117 0.0684
14 67 136 -0.1906 0.8946
15 80 127 0.1135 0.1731
16 82 132 -0.1168 0.8060
17 84 127 0.1142 0.2183
18 87 132 -0.1317 0.7775
19 86 126 0.0902 0.2384
20 86 128 -0.1345 0.7687
21 84 126 0.1023 0.2510
22 83 128 -0.1158 0.6797
23 63 150 0.0740 0.9983
24 62 153 -0.0740 0.9979
25 70 174 0.1848 0.2987
26 71 177 0.0080 0.9039
27 67 200 0.3193 0.5448
28 63 205 0.1371 0.9319
29 62 207 0.3306 0.6221
30 59 211 0.1478 0.8860
31 77 205 0.2994 0.7462
32 76 208 0.0970 0.9275
