0 155 36 0.1914 1.0000
1 158 34 0.1386 1.0000
2 157 34 0.1385 1.0000
3 157 34 0.1386 1.0000
4 159 35 0.1777 1.0000
5 160 35 0.1777 1.0000
6 161 36 0.1776 1.0000
7 157 37 -0.0303 0.9999
8 162 39 0.1425 1.0000
9 153 39 0.1402 0.9998
10 154 40 0.1897 0.9999
11 144 48 -0.1786 0.9998
12 165 59 0.2357 0.9999
13 126 38 -0.1554 0.9824
14 166 83 0.4793 0.4522
15 117 24 0.0974 0.9819
16 160 89 0.7209 0.2412
17 113 20 0.0985 0.9703
18 158 91 0.7665 0.2656
19 114 19 0.1027 0.9685
20 157 89 0.7376 0.2803
21 115 21 0.1082 0.9454
22 157 89 0.7154 0.2963
23 128 99 -0.1145 0.9999
24 142 112 0.1136 1.0000
25 105 96 0.1196 0.9768
26 143 155 0.0627 0.9910
27 80 117 0.4032 0.9844
28 150 198 -0.0302 0.9959
29 79 124 0.4350 0.9541
30 152 203 -0.0366 0.9925
31 67 113 0.4398 0.9727
32 151 200 -0.0796 0.9847
