0 311 68 -0.6274 1.0000
1 314 62 -0.6044 1.0000
2 316 62 -0.6043 1.0000
3 318 62 -0.6044 1.0000
4 309 62 -0.6069 1.0000
5 306 62 -0.6070 1.0000
6 305 62 -0.6069 1.0000
7 320 62 -0.4451 1.0000
8 300 62 -0.4528 1.0000
9 314 72 -0.5635 1.0000
10 307 72 -0.5660 1.0000
11 336 82 -0.3290 1.0000
12 284 90 -0.3316 0.9998
13 373 65 -0.3049 0.9997
14 252 101 -0.5036 0.9965
15 408 37 -0.3211 0.9982
16 255 67 -0.7499 0.9943
17 418 27 -0.3316 0.9942
18 255 59 -0.7994 0.9806
19 417 24 -0.3559 0.9946
20 258 57 -0.7902 0.9778
21 414 28 -0.3357 0.9942
22 259 61 -0.7545 0.9756
23 340 163 -0.0655 1.0000
24 310 164 0.0653 0.9999
25 337 215 -0.1449 0.9994
26 302 209 0.3930 0.9502
27 331 265 -0.0004 0.9980
28 310 239 0.8286 0.9384
29 333 269 0.0045 0.9685
30 316 242 0.8674 0.9406
31 316 287 -0.1686 0.9965
32 289 254 0.7919 0.9663
