0 70 68 -0.0857 0.9994
1 71 68 -0.0937 0.9995
2 71 68 -0.0938 0.9993
3 71 68 -0.0938 0.9995
4 71 68 -0.0904 0.9995
5 71 68 -0.0904 0.9992
6 71 68 -0.0905 0.9995
7 71 69 -0.0949 0.9990
8 71 68 -0.0819 0.9992
9 71 70 -0.0804 0.9994
10 71 70 -0.0766 0.9994
11 72 74 -0.1091 0.9994
12 72 72 -0.0283 0.9995
13 68 82 -0.0971 0.6991
14 70 79 -0.0318 0.1919
15 64 80 -0.0855 0.7188
16 68 79 -0.0961 0.4944
17 63 80 -0.1031 0.7321
18 67 78 -0.1101 0.5451
19 62 79 -0.1047 0.7449
20 66 78 -0.1228 0.5671
21 64 79 -0.0862 0.6936
22 67 78 -0.1035 0.5395
23 73 87 -0.0242 0.9769
24 74 86 0.0241 0.9698
25 69 84 0.1130 0.0784
26 72 81 0.2054 0.0297
27 70 84 0.3232 0.0423
28 71 83 0.3656 0.0302
29 70 84 0.3448 0.0391
30 71 83 0.3836 0.0576
31 69 82 0.3737 0.0638
32 69 82 0.4195 0.0647
