0 208 112 -0.0945 0.9984
1 205 112 -0.0818 0.9977
2 204 112 -0.0819 0.9974
3 204 112 -0.0819 0.9980
4 204 112 -0.1038 0.9987
5 204 113 -0.1038 0.9986
6 203 114 -0.1038 0.9990
7 204 117 -0.0194 0.9945
8 203 118 -0.1157 0.9983
9 210 114 -0.0695 0.9984
10 209 115 -0.0975 0.9995
11 219 129 0.0524 0.9981
12 210 135 -0.1592 0.9999
13 237 133 0.0426 0.3581
14 224 155 -0.2066 0.9925
15 248 125 -0.0736 0.3997
16 241 137 -0.2226 0.9827
17 251 123 -0.0923 0.4365
18 246 133 -0.2489 0.9698
19 249 121 -0.1054 0.4562
20 244 131 -0.2485 0.9674
21 248 122 -0.0842 0.4452
22 243 132 -0.2217 0.9354
23 238 167 0.0723 0.9985
24 232 172 -0.0722 0.9999
25 261 175 0.1450 0.4384
26 262 175 -0.2227 0.9942
27 265 204 0.3160 0.5297
28 287 202 -0.2185 0.9923
29 266 212 0.3304 0.5000
30 290 209 -0.2220 0.9743
31 275 206 0.3014 0.6283
32 298 197 -0.3101 0.9911
