0 117 92 -0.1879 0.9601
1 120 91 -0.1746 0.9317
2 120 92 -0.1747 0.9326
3 121 93 -0.1748 0.9442
4 118 90 -0.1666 0.8806
5 117 90 -0.1666 0.8739
6 116 90 -0.1667 0.9045
7 121 96 -0.1002 0.8665
8 116 87 -0.0647 0.8630
9 116 96 -0.1604 0.9451
10 114 94 -0.1505 0.9420
11 122 113 -0.1248 0.9978
12 102 105 -0.0258 0.9941
13 115 128 -0.2229 0.9306
14 102 98 -0.0576 0.6693
15 104 122 -0.2853 0.8522
16 113 77 -0.0329 0.5976
17 102 122 -0.3216 0.7416
18 117 72 -0.0486 0.4407
19 103 118 -0.3079 0.7307
20 116 71 -0.0445 0.4285
21 103 119 -0.2817 0.6645
22 115 74 -0.0339 0.4214
23 123 155 -0.0155 0.9979
24 107 155 0.0156 0.9991
25 119 184 -0.0577 0.8976
26 103 170 -0.3528 0.9501
27 121 214 0.1809 0.9258
28 113 196 -0.1494 0.8731
29 120 219 0.2013 0.6970
30 115 197 -0.1310 0.6439
31 125 226 0.0799 0.8935
32 119 210 -0.2482 0.8920
