0 133 129 0.0934 1.0000
1 132 126 0.0709 1.0000
2 131 126 0.0709 1.0000
3 130 126 0.0708 1.0000
4 134 127 0.0727 1.0000
5 134 127 0.0726 1.0000
6 135 127 0.0725 1.0000
7 129 129 0.0009 1.0000
8 136 129 0.0051 1.0000
9 132 132 0.0756 1.0000
10 134 132 0.0759 1.0000
11 121 136 0.0161 1.0000
12 145 141 -0.0234 1.0000
13 121 119 0.0900 0.8867
14 165 137 0.0497 0.9953
15 121 98 0.1242 0.9805
16 182 116 0.1431 0.9957
17 120 94 0.1293 0.9834
18 185 112 0.1332 0.9932
19 122 92 0.1139 0.9830
20 183 111 0.1390 0.9925
21 122 93 0.1223 0.9707
22 182 113 0.1484 0.9879
23 118 184 0.0205 1.0000
24 133 186 -0.0214 1.0000
25 103 176 0.2866 0.9965
26 156 189 0.1606 0.9977
27 106 201 0.4458 0.9817
28 170 211 0.2157 0.9967
29 107 205 0.4696 0.9912
30 170 217 0.2253 0.9956
31 103 207 0.5174 0.8981
32 178 210 0.2333 0.9715
