0 164 130 -0.4319 0.9998
1 160 126 -0.4371 0.9999
2 155 123 -0.4373 0.9997
3 155 121 -0.4375 0.9999
4 159 130 -0.4534 0.9999
5 159 131 -0.4534 0.9998
6 155 133 -0.4534 0.9999
7 151 123 -0.3831 0.9998
8 148 140 -0.4549 0.9995
9 161 131 -0.4019 0.9998
10 164 137 -0.4226 0.9998
11 145 129 -0.2813 0.9996
12 158 162 -0.4167 0.9987
13 176 115 -0.2547 0.5860
14 195 151 -0.4605 0.8881
15 209 92 -0.3465 0.7681
16 213 105 -0.5278 0.9293
17 215 82 -0.3864 0.7792
18 219 94 -0.5957 0.8834
19 218 85 -0.4222 0.7801
20 214 91 -0.5978 0.8765
21 216 90 -0.3662 0.7801
22 213 94 -0.5360 0.8464
23 153 188 0.0575 0.9999
24 161 207 -0.0571 1.0000
25 180 173 0.2389 0.2307
26 210 207 -0.0398 0.8619
27 173 191 0.4814 0.0901
28 194 215 0.3257 0.1425
29 169 195 0.5114 0.0947
30 189 216 0.3698 0.2222
31 185 194 0.5552 0.1581
32 206 218 0.4488 0.1923
