0 146 74 0.1345 1.0000
1 144 70 0.1217 0.9999
2 143 69 0.1216 1.0000
3 142 69 0.1217 1.0000
4 146 70 0.1045 1.0000
5 146 70 0.1045 1.0000
6 146 70 0.1044 1.0000
7 136 69 0.0856 1.0000
8 143 70 0.0034 1.0000
9 142 76 0.1271 0.9998
10 144 76 0.1027 0.9998
11 112 82 0.0820 0.9999
12 149 84 -0.0660 1.0000
13 85 68 0.1414 0.9779
14 177 99 -0.1441 0.9984
15 63 46 0.1979 0.9859
16 212 109 -0.1388 0.9699
17 58 44 0.2004 0.9790
18 220 113 -0.1407 0.9529
19 59 42 0.2014 0.9770
20 221 112 -0.1313 0.9522
21 60 43 0.2013 0.9622
22 218 111 -0.1289 0.9220
23 133 151 0.0537 1.0000
24 153 147 -0.0545 1.0000
25 110 190 0.0954 0.9999
26 199 153 0.0502 0.9992
27 85 226 0.0525 0.9989
28 173 184 0.0719 0.9973
29 84 233 0.0516 0.9994
30 161 189 0.0810 0.9977
31 76 229 0.0472 0.9766
32 183 198 0.1206 0.9688
