0 185 77 -0.1667 0.9985
1 186 74 -0.1860 0.9976
2 187 74 -0.1860 0.9972
3 187 74 -0.1860 0.9978
4 186 74 -0.1615 0.9986
5 186 74 -0.1615 0.9984
6 187 74 -0.1615 0.9984
7 190 75 -0.2317 0.9953
8 189 75 -0.1203 0.9973
9 186 79 -0.1799 0.9973
10 186 79 -0.1475 0.9970
11 194 82 -0.2807 1.0000
12 201 87 -0.0339 0.9997
13 172 68 -0.3467 0.9956
14 197 107 -0.0119 0.1726
15 157 54 -0.3409 0.9872
16 192 126 -0.0762 0.2783
17 153 47 -0.3777 0.9716
18 192 130 -0.0793 0.2863
19 154 45 -0.3696 0.9708
20 191 131 -0.1054 0.2681
21 155 47 -0.3401 0.9526
22 191 130 -0.0884 0.2495
23 197 121 -0.0857 1.0000
24 196 116 0.0856 0.9999
25 166 130 -0.1197 0.9971
26 173 93 0.0666 0.7767
27 145 151 -0.0404 0.9970
28 153 117 0.1579 0.8896
29 143 155 -0.0372 0.9679
30 151 123 0.1629 0.8423
31 131 147 -0.1203 0.9947
32 140 114 0.1229 0.9378
