0 262 102 -0.0023 0.9998
1 261 100 -0.0354 0.9999
2 260 100 -0.0354 0.9999
3 259 100 -0.0355 0.9999
4 263 100 -0.0252 0.9999
5 264 100 -0.0252 0.9999
6 265 100 -0.0252 0.9999
7 257 101 -0.1322 0.9999
8 268 101 -0.0857 0.9999
9 261 104 -0.0289 0.9998
10 264 104 -0.0161 0.9997
11 249 109 -0.1516 0.9999
12 278 111 -0.0657 0.9999
13 234 97 -0.1689 0.9965
14 295 99 0.0524 0.9927
15 219 83 -0.1981 0.9970
16 309 83 0.1593 0.9798
17 215 80 -0.2217 0.9949
18 314 81 0.1663 0.9711
19 216 78 -0.2200 0.9948
20 313 79 0.1538 0.9709
21 218 79 -0.1958 0.9872
22 311 79 0.1587 0.9601
23 248 158 -0.0234 1.0000
24 266 161 0.0227 1.0000
25 232 165 0.1500 0.9773
26 272 179 0.1691 0.9586
27 225 172 0.3133 0.8039
28 272 184 0.3081 0.6599
29 226 175 0.3354 0.8883
30 270 185 0.3284 0.8711
31 223 171 0.3450 0.6051
32 276 185 0.3511 0.4699
