0 172 81 0.0354 1.0000
1 173 78 0.0586 1.0000
2 174 78 0.0585 1.0000
3 175 78 0.0585 1.0000
4 170 79 0.0490 1.0000
5 169 79 0.0489 1.0000
6 169 79 0.0488 1.0000
7 176 78 0.1785 1.0000
8 167 80 0.1340 1.0000
9 174 83 0.0805 1.0000
10 171 84 0.0676 1.0000
11 184 91 0.2594 0.9999
12 160 92 0.1037 1.0000
13 185 110 0.2213 0.1273
14 150 111 -0.0188 0.9769
15 186 119 0.0448 0.2480
16 164 108 -0.1805 0.9753
17 188 123 0.0191 0.3093
18 168 109 -0.2145 0.9648
19 187 123 0.0002 0.2953
20 169 105 -0.2087 0.9635
21 185 122 0.0322 0.2909
22 168 106 -0.1783 0.9525
23 184 124 0.0736 1.0000
24 172 124 -0.0736 1.0000
25 211 127 -0.0835 0.9099
26 193 98 -0.2978 0.9920
27 209 161 -0.1999 0.9646
28 197 136 -0.3595 0.9750
29 204 169 -0.2158 0.9597
30 195 141 -0.3629 0.9559
31 221 171 -0.3016 0.9705
32 207 146 -0.4258 0.9738
