0 92 85 -0.0135 0.9996
1 90 82 -0.0399 0.9998
2 91 82 -0.0399 0.9998
3 91 81 -0.0400 0.9998
4 90 83 -0.0038 0.9997
5 89 83 -0.0038 0.9996
6 89 83 -0.0038 0.9997
7 94 79 -0.0973 0.9997
8 90 82 0.0671 0.9995
9 94 86 -0.0292 0.9995
10 94 86 0.0181 0.9992
11 102 87 -0.1751 0.9998
12 102 85 0.1887 0.9991
13 84 100 -0.1771 0.9298
14 87 89 0.3251 0.1934
15 74 90 0.0034 0.7502
16 76 81 0.3604 0.2057
17 72 88 -0.0008 0.7095
18 73 79 0.3789 0.2379
19 73 86 -0.0002 0.7041
20 74 78 0.3608 0.2427
21 74 87 0.0094 0.6370
22 75 79 0.3525 0.2450
23 114 123 -0.1259 0.9995
24 113 123 0.1260 0.9993
25 86 121 -0.2000 0.9656
26 91 134 0.1498 0.6336
27 85 158 -0.1532 0.9663
28 87 161 0.1794 0.7288
29 89 163 -0.1459 0.9569
30 90 166 0.1808 0.7842
31 73 166 -0.1620 0.9664
32 76 167 0.1624 0.7904
