0 106 63 0.0604 0.9999
1 108 61 0.0411 1.0000
2 108 61 0.0411 1.0000
3 108 61 0.0410 1.0000
4 108 62 0.0758 0.9999
5 108 62 0.0758 0.9999
6 108 62 0.0758 1.0000
7 112 63 -0.0191 1.0000
8 112 64 0.1359 0.9999
9 106 66 0.0418 0.9997
10 106 66 0.0865 0.9995
11 113 71 -0.1067 0.9995
12 109 78 0.2427 0.9995
13 94 62 -0.1204 0.9641
14 94 70 0.3141 0.3232
15 94 48 0.0038 0.9214
16 93 55 0.2881 0.5491
17 94 45 -0.0083 0.8828
18 95 50 0.2936 0.5468
19 96 46 -0.0052 0.8672
20 95 50 0.2811 0.5406
21 96 48 0.0092 0.8453
22 95 51 0.2800 0.5370
23 104 111 -0.1122 0.9998
24 107 118 0.1120 1.0000
25 72 103 -0.0457 0.9949
26 106 149 0.1176 0.9975
27 45 112 0.0382 0.9969
28 123 164 0.0754 0.9981
29 41 117 0.0446 0.9904
30 127 164 0.0737 0.9964
31 35 102 0.0085 0.9938
32 125 176 0.0519 0.9961
