0 318 167 0.1956 0.9980
1 320 165 0.1938 0.9974
2 309 171 0.1938 0.9968
3 308 170 0.1938 0.9968
4 322 164 0.1792 0.9976
5 322 165 0.1791 0.9972
6 322 165 0.1790 0.9970
7 306 168 0.1768 0.9951
8 321 164 0.1094 0.9967
9 305 174 0.1915 0.9946
10 315 170 0.1718 0.9946
11 290 171 0.1917 0.9992
12 313 170 0.0224 0.9999
13 288 193 0.2432 0.0479
14 317 187 0.0617 0.7690
15 289 208 0.2364 0.1549
16 317 192 0.2502 0.3292
17 290 211 0.2436 0.2153
18 318 194 0.2671 0.2646
19 290 211 0.2310 0.2338
20 316 194 0.2736 0.2465
21 289 210 0.2304 0.2226
22 314 193 0.2577 0.2602
23 255 192 0.0639 1.0000
24 264 195 -0.0646 1.0000
25 263 217 0.2050 0.8442
26 270 211 0.0520 0.9803
27 244 236 0.1556 0.9622
28 243 229 0.0620 0.9838
29 243 241 0.1491 0.9667
30 238 228 0.0638 0.9637
31 243 251 0.1358 0.9596
32 242 239 0.0519 0.9601
