0 242 84 0.0572 1.0000
1 246 83 0.0317 1.0000
2 246 83 0.0318 1.0000
3 246 83 0.0318 1.0000
4 247 83 0.0596 1.0000
5 247 83 0.0596 1.0000
6 248 84 0.0596 1.0000
7 247 87 -0.0418 1.0000
8 251 88 0.0838 1.0000
9 241 88 0.0339 1.0000
10 242 88 0.0699 1.0000
11 238 103 -0.1081 0.9997
12 250 108 0.1316 1.0000
13 218 123 -0.2513 0.9625
14 236 82 0.1893 0.7397
15 213 97 -0.3307 0.9439
16 223 61 0.1725 0.7958
17 211 92 -0.3600 0.9173
18 222 54 0.1800 0.7492
19 213 90 -0.3383 0.9130
20 222 52 0.1433 0.7590
21 214 92 -0.3220 0.8702
22 221 54 0.1566 0.7516
23 198 139 -0.0792 0.9998
24 205 149 0.0790 0.9999
25 185 106 -0.0473 0.9743
26 165 172 0.0852 0.9818
27 154 133 0.0509 0.9275
28 135 205 0.0541 0.9840
29 151 139 0.0635 0.9290
30 135 214 0.0501 0.9766
31 146 133 0.0954 0.9074
32 117 206 0.0201 0.9635
