0 80 148 -0.9632 0.9987
1 67 153 -0.9649 0.9983
2 64 152 -0.9653 0.9970
3 60 152 -0.9660 0.9989
4 80 161 -0.9842 0.9987
5 85 166 -0.9842 0.9976
6 90 171 -0.9841 0.9983
7 54 157 -0.8223 0.9980
8 98 183 -0.8986 0.9951
9 84 140 -0.8912 0.9993
10 93 147 -0.9133 0.9987
11 61 160 -0.5642 0.9997
12 133 165 -0.8002 0.9971
13 78 73 -0.4595 0.7765
14 140 75 -0.7398 0.9347
15 83 19 -0.5320 0.6450
16 138 10 -0.7501 0.8692
17 78 7 -0.5724 0.5242
18 139 -4 -0.8539 0.7478
19 83 4 -0.6348 0.5606
20 130 -2 -0.8588 0.7690
21 91 9 -0.5592 0.5847
22 131 3 -0.7632 0.7378
23 143 153 0.0976 0.9965
24 175 156 -0.0973 0.9977
25 123 101 0.3932 0.1146
26 175 92 0.0312 0.3353
27 160 95 0.7822 0.0457
28 186 106 0.5295 0.1517
29 166 100 0.8267 0.0487
30 188 115 0.5860 0.1726
31 168 73 0.8779 0.0591
32 189 81 0.6581 0.2067
