0 278 78 0.6150 0.8280
1 277 74 0.5972 0.7362
2 276 76 0.5972 0.7365
3 275 76 0.5972 0.7083
4 280 76 0.6051 0.7336
5 282 77 0.6051 0.7432
6 283 78 0.6049 0.7917
7 271 73 0.4906 0.7383
8 285 80 0.5272 0.7973
9 276 79 0.5763 0.8330
10 280 79 0.5866 0.8526
11 260 76 0.3167 0.9996
12 295 97 0.4273 0.9997
13 238 75 0.1823 0.7006
14 311 120 0.3542 0.9125
15 236 107 0.0947 0.3546
16 305 133 0.3253 0.6235
17 233 111 0.0639 0.3385
18 303 139 0.3221 0.5139
19 238 113 0.0831 0.3386
20 299 139 0.3226 0.5086
21 240 113 0.0993 0.2904
22 299 136 0.3261 0.5152
23 253 133 -0.0640 0.9996
24 278 142 0.0635 0.9994
25 222 177 -0.1107 0.9984
26 260 191 0.0040 0.9659
27 202 227 -0.3299 0.9969
28 253 241 -0.1888 0.9699
29 203 234 -0.3582 0.9948
30 253 248 -0.2149 0.9779
31 188 235 -0.4136 0.9726
32 243 254 -0.2838 0.8929
