0 57 67 0.0010 0.9977
1 57 66 -0.0351 0.9982
2 56 66 -0.0351 0.9978
3 56 66 -0.0352 0.9982
4 58 66 -0.0384 0.9983
5 58 66 -0.0384 0.9980
6 58 66 -0.0385 0.9986
7 55 67 -0.1244 0.9986
8 59 66 -0.1405 0.9988
9 57 68 -0.0191 0.9967
10 58 68 -0.0241 0.9954
11 53 75 -0.0752 0.9890
12 64 71 -0.1446 0.9979
13 54 76 0.1492 0.1046
14 70 71 -0.0029 0.8768
15 53 69 0.3469 0.2083
16 69 63 0.1592 0.8664
17 52 69 0.3630 0.3321
18 69 61 0.1530 0.8952
19 53 68 0.3439 0.3326
20 68 61 0.1405 0.8973
21 54 68 0.3455 0.3285
22 68 62 0.1583 0.8556
23 63 91 0.0102 0.9886
24 70 89 -0.0103 0.9929
25 61 90 0.3430 0.0956
26 70 92 0.2856 0.2804
27 67 96 0.6726 0.0656
28 72 98 0.5796 0.2326
29 68 98 0.7120 0.1408
30 72 99 0.6166 0.4072
31 67 94 0.7711 0.0662
32 72 97 0.6533 0.1585
