0 157 92 -0.0987 0.9999
1 156 89 -0.0849 0.9998
2 156 89 -0.0849 0.9996
3 156 89 -0.0850 0.9997
4 155 89 -0.1063 0.9999
5 154 88 -0.1063 0.9999
6 153 88 -0.1063 0.9999
7 154 90 -0.0083 0.9992
8 151 90 -0.1032 0.9999
9 157 95 -0.0658 0.9971
10 156 95 -0.0935 0.9983
11 145 105 0.1242 0.9983
12 156 100 -0.1640 0.9998
13 166 103 0.2357 0.1806
14 184 101 -0.1932 0.9947
15 182 93 0.2526 0.3750
16 208 97 -0.1335 0.9745
17 185 89 0.2688 0.4036
18 214 94 -0.1500 0.9535
19 184 88 0.2476 0.4130
20 213 93 -0.1374 0.9522
21 184 89 0.2436 0.4120
22 211 94 -0.1263 0.9188
23 150 152 0.0951 0.9992
24 157 148 -0.0954 0.9988
25 182 165 0.1743 0.2341
26 192 154 -0.0686 0.9130
27 170 190 0.2034 0.4482
28 173 181 0.0003 0.9324
29 164 194 0.2069 0.5052
30 165 187 0.0107 0.8991
31 178 198 0.2205 0.6624
32 181 199 0.0379 0.9484
