0 216 57 -0.4650 1.0000
1 220 52 -0.4786 1.0000
2 223 52 -0.4785 1.0000
3 226 52 -0.4786 1.0000
4 215 52 -0.4561 1.0000
5 214 51 -0.4562 0.9999
6 213 51 -0.4563 1.0000
7 233 51 -0.4575 1.0000
8 216 50 -0.3513 0.9999
9 223 61 -0.4490 1.0000
10 216 60 -0.4185 1.0000
11 251 73 -0.3857 0.9999
12 208 55 -0.2510 1.0000
13 274 106 -0.5976 0.9986
14 183 41 -0.2593 0.9944
15 266 70 -0.7610 0.9802
16 152 23 -0.2994 0.9514
17 265 61 -0.7957 0.9234
18 142 18 -0.3076 0.8255
19 264 57 -0.7690 0.9134
20 141 17 -0.3273 0.8191
21 263 61 -0.7549 0.8888
22 144 19 -0.3116 0.8474
23 226 127 -0.0626 0.9976
24 205 111 0.0629 0.9989
25 182 157 -0.0980 0.9681
26 163 136 -0.0707 0.9548
27 146 182 0.0774 0.9495
28 132 170 0.0560 0.9514
29 140 186 0.0892 0.7773
30 131 178 0.0622 0.8352
31 123 188 -0.0172 0.9039
32 111 182 -0.0434 0.9293
