0 136 71 0.3648 0.9992
1 129 70 0.4046 0.9995
2 130 70 0.4044 0.9994
3 131 69 0.4043 0.9996
4 126 73 0.3706 0.9992
5 125 75 0.3705 0.9991
6 123 77 0.3704 0.9994
7 132 76 0.5338 0.9995
8 123 86 0.3878 0.9993
9 146 75 0.4147 0.9970
10 142 78 0.3720 0.9945
11 141 119 0.6490 0.9978
12 155 99 0.1581 0.9997
13 160 148 0.6454 0.0579
14 222 92 -0.0434 0.9881
15 177 182 0.6153 0.0292
16 286 72 -0.0712 0.8810
17 178 192 0.6357 0.0424
18 302 68 -0.1130 0.8111
19 180 189 0.6201 0.0422
20 303 66 -0.0726 0.7949
21 180 187 0.6092 0.0441
22 297 69 -0.0543 0.7619
23 168 217 0.1396 0.9885
24 181 205 -0.1403 0.9880
25 207 249 0.3212 0.0217
26 229 245 -0.0237 0.2555
27 224 290 -0.0128 0.0146
28 237 290 -0.3765 0.0684
29 225 303 -0.0589 0.0714
30 231 306 -0.4174 0.3353
31 242 286 -0.1106 0.0404
32 266 283 -0.4980 0.1295
