0 85 48 -0.2607 1.0000
1 84 47 -0.2798 1.0000
2 84 47 -0.2798 1.0000
3 83 47 -0.2799 1.0000
4 86 47 -0.3014 1.0000
5 86 48 -0.3014 1.0000
6 86 48 -0.3015 1.0000
7 81 48 -0.3054 1.0000
8 86 50 -0.4070 1.0000
9 84 50 -0.2582 1.0000
10 86 51 -0.2885 0.9999
11 71 56 -0.2493 0.9997
12 90 57 -0.4271 0.9999
13 73 41 -0.2227 0.9240
14 99 45 -0.5841 0.9951
15 71 30 -0.2917 0.9738
16 107 30 -0.7498 0.9950
17 69 28 -0.3263 0.9691
18 109 28 -0.8294 0.9934
19 71 28 -0.3458 0.9673
20 108 28 -0.8237 0.9928
21 72 28 -0.3030 0.9552
22 107 28 -0.7551 0.9843
23 75 87 0.0579 0.9999
24 86 89 -0.0587 1.0000
25 62 81 0.3618 0.9746
26 103 105 0.0492 0.9998
27 52 85 0.6376 0.9117
28 114 124 0.1718 0.9994
29 50 87 0.6653 0.9053
30 113 129 0.1847 0.9986
31 46 81 0.6285 0.8771
32 125 127 0.1030 0.9976
