0 189 132 -0.0208 0.9996
1 191 129 -0.0393 0.9998
2 191 129 -0.0394 0.9998
3 192 129 -0.0394 0.9998
4 191 128 -0.0148 0.9997
5 191 128 -0.0148 0.9996
6 192 128 -0.0148 0.9997
7 195 130 -0.0820 0.9997
8 195 129 0.0290 0.9996
9 190 134 -0.0325 0.9988
10 190 134 -0.0006 0.9983
11 194 143 -0.1439 0.9998
12 204 148 0.1081 0.9972
13 166 136 -0.1805 0.9885
14 204 156 0.2210 0.1756
15 155 124 -0.1218 0.9156
16 205 154 0.2960 0.0688
17 152 120 -0.1348 0.8912
18 206 154 0.3083 0.0808
19 155 120 -0.1333 0.8900
20 207 152 0.2974 0.0819
21 155 122 -0.1186 0.8243
22 206 153 0.2923 0.0849
23 186 190 -0.0922 0.9998
24 185 188 0.0921 0.9993
25 175 226 -0.1145 0.9922
26 154 205 0.1063 0.8840
27 174 263 -0.0918 0.9959
28 163 239 0.2182 0.8752
29 177 269 -0.0902 0.9851
30 166 246 0.2280 0.8430
31 160 276 -0.1424 0.9929
32 147 245 0.2154 0.8748
