0 127 107 0.4296 1.0000
1 127 105 0.3907 1.0000
2 126 105 0.3906 1.0000
3 125 105 0.3907 1.0000
4 129 105 0.4065 1.0000
5 130 105 0.4065 1.0000
6 131 105 0.4064 1.0000
7 126 107 0.2295 1.0000
8 134 106 0.3003 1.0000
9 127 109 0.3764 0.9999
10 129 109 0.3959 0.9999
11 118 115 0.0922 1.0000
12 148 117 0.2599 0.9999
13 100 100 0.0289 0.9892
14 169 125 0.3882 0.9364
15 90 85 0.0771 0.9945
16 163 110 0.5790 0.8662
17 85 81 0.0763 0.9904
18 164 106 0.6134 0.8555
19 87 80 0.0888 0.9900
20 161 106 0.6117 0.8452
21 88 81 0.0864 0.9822
22 159 107 0.5857 0.8365
23 134 168 -0.0673 1.0000
24 152 164 0.0665 1.0000
25 110 190 0.1241 0.9999
26 177 189 0.2155 0.9996
27 129 216 -0.1472 0.9995
28 200 215 -0.2307 0.9994
29 136 218 -0.1650 0.9998
30 203 221 -0.2705 0.9998
31 124 228 -0.1256 0.9952
32 205 220 -0.2745 0.9925
