0 58 72 0.3590 0.9990
1 53 70 0.3553 0.9993
2 52 70 0.3552 0.9990
3 51 71 0.3550 0.9993
4 55 70 0.2855 0.9994
5 55 69 0.2854 0.9991
6 55 69 0.2851 0.9994
7 47 74 0.3524 0.9985
8 54 71 0.0404 0.9992
9 59 76 0.3709 0.9982
10 61 75 0.2793 0.9985
11 45 98 0.5084 0.9976
12 59 83 -0.1947 0.9999
13 68 95 0.6707 0.0527
14 82 75 -0.1316 0.9408
15 82 76 0.6466 0.1635
16 94 63 0.3091 0.8492
17 85 72 0.6647 0.1894
18 100 55 0.3277 0.8187
19 84 70 0.6467 0.1949
20 97 54 0.3338 0.8074
21 84 72 0.6329 0.1985
22 95 57 0.3263 0.7741
23 77 154 0.2421 0.9991
24 84 151 -0.2424 0.9999
25 126 158 0.4436 0.1824
26 132 171 -0.2481 0.9644
27 167 168 0.6793 0.3138
28 174 215 -0.2252 0.9844
29 172 173 0.6990 0.4156
30 176 224 -0.2280 0.9720
31 175 162 0.6625 0.4653
32 185 209 -0.3905 0.9675
