0 177 141 0.2827 1.0000
1 180 137 0.3171 1.0000
2 180 138 0.3173 1.0000
3 181 138 0.3173 1.0000
4 177 135 0.3159 1.0000
5 175 134 0.3158 1.0000
6 173 134 0.3158 1.0000
7 180 139 0.4222 1.0000
8 169 133 0.4126 1.0000
9 177 144 0.3137 1.0000
10 173 142 0.3112 1.0000
11 179 161 0.3575 1.0000
12 147 141 0.4204 1.0000
13 192 187 0.3299 0.9813
14 125 136 0.2733 0.9615
15 211 206 0.2553 0.9904
16 128 115 0.0675 0.9840
17 217 210 0.2549 0.9734
18 128 105 0.0412 0.9587
19 218 210 0.2290 0.9755
20 133 107 0.0512 0.9573
21 215 209 0.2410 0.9752
22 133 112 0.0620 0.9495
23 137 195 -0.0791 1.0000
24 124 181 0.0790 1.0000
25 94 190 -0.3196 0.9969
26 103 142 -0.0272 0.9446
27 32 212 -0.5401 0.9929
28 71 169 -0.0816 0.7791
29 23 219 -0.5652 0.9735
30 69 180 -0.0897 0.8069
31 12 195 -0.7202 0.9884
32 51 158 -0.1418 0.8472
