0 142 88 -0.1975 0.9980
1 144 81 -0.1727 0.9987
2 145 80 -0.1730 0.9985
3 146 80 -0.1733 0.9988
4 139 81 -0.2017 0.9984
5 136 81 -0.2016 0.9980
6 133 80 -0.2016 0.9979
7 141 80 -0.0264 0.9989
8 126 80 -0.1505 0.9984
9 142 92 -0.1356 0.9987
10 137 93 -0.1717 0.9987
11 141 101 0.0958 0.9993
12 114 109 -0.2025 0.9955
13 164 126 0.1073 0.3958
14 155 135 -0.3084 0.9806
15 196 120 -0.0116 0.5526
16 195 121 -0.3011 0.9573
17 206 120 -0.0237 0.5700
18 205 120 -0.3373 0.9274
19 207 118 -0.0577 0.5571
20 205 117 -0.3157 0.9207
21 202 120 -0.0287 0.5411
22 201 118 -0.2918 0.8904
23 132 168 0.0837 0.9986
24 108 172 -0.0835 0.9958
25 174 201 -0.0789 0.9144
26 133 152 -0.4174 0.9596
27 157 250 -0.0207 0.9065
28 173 193 -0.4242 0.8897
29 149 255 -0.0160 0.8881
30 173 201 -0.4200 0.8795
31 170 269 -0.0944 0.8934
32 195 197 -0.4879 0.8999
