0 194 92 -0.0048 1.0000
1 187 88 0.0167 1.0000
2 187 88 0.0165 1.0000
3 186 89 0.0164 1.0000
4 186 89 -0.0299 1.0000
5 184 90 -0.0299 1.0000
6 183 90 -0.0299 1.0000
7 178 96 0.1170 1.0000
8 174 99 -0.1003 1.0000
9 194 100 0.0366 1.0000
10 192 101 -0.0261 1.0000
11 182 129 0.2006 0.9992
12 174 143 -0.1761 0.9980
13 195 89 0.2180 0.3160
14 218 145 -0.3371 0.8494
15 193 36 0.0439 0.4494
16 248 105 -0.3765 0.7098
17 213 34 0.0281 0.5050
18 258 100 -0.4100 0.6198
19 211 32 -0.0105 0.5025
20 251 94 -0.3931 0.6223
21 212 36 0.0212 0.4764
22 247 96 -0.3692 0.5766
23 246 207 0.1207 1.0000
24 234 219 -0.1208 0.9997
25 314 183 0.1630 0.9968
26 203 143 -0.1148 0.9933
27 376 231 0.2359 0.9970
28 248 90 0.0167 0.9769
29 385 245 0.2409 0.9970
30 262 88 0.0327 0.9568
31 394 212 0.1784 0.9962
32 242 51 -0.0002 0.9711
