0 182 55 -0.2154 0.9893
1 190 51 -0.2268 0.9887
2 192 52 -0.2268 0.9855
3 194 53 -0.2270 0.9895
4 186 50 -0.1990 0.9902
5 186 50 -0.1990 0.9866
6 185 50 -0.1992 0.9920
7 202 62 -0.2333 0.9799
8 194 57 -0.1052 0.9890
9 183 64 -0.2147 0.9853
10 179 61 -0.1774 0.9859
11 196 101 -0.2644 0.9600
12 175 92 -0.0139 0.9895
13 163 85 -0.2701 0.8919
14 141 107 0.0648 0.4635
15 137 75 -0.1097 0.3743
16 124 107 -0.0074 0.4762
17 130 73 -0.1286 0.2768
18 120 109 -0.0230 0.4740
19 133 74 -0.1187 0.2705
20 122 105 -0.0518 0.5053
21 135 76 -0.1045 0.2981
22 125 106 -0.0215 0.5024
23 190 200 -0.0698 0.9860
24 172 189 0.0696 0.9905
25 160 225 0.0189 0.6443
26 137 209 0.2668 0.2948
27 132 229 0.3160 0.1662
28 123 239 0.4471 0.2116
29 131 233 0.3463 0.2012
30 125 248 0.4663 0.2898
31 109 222 0.3574 0.1676
32 102 241 0.4674 0.2599
