0 90 92 0.0658 1.0000
1 93 90 0.0420 1.0000
2 94 90 0.0419 1.0000
3 95 91 0.0419 1.0000
4 93 90 0.0889 1.0000
5 93 90 0.0888 1.0000
6 94 90 0.0888 1.0000
7 98 94 -0.0255 1.0000
8 98 93 0.1859 1.0000
9 90 95 0.0434 1.0000
10 90 94 0.1044 0.9999
11 100 107 -0.1451 0.9998
12 95 109 0.3058 0.9998
13 85 111 -0.3384 0.9490
14 77 111 0.4031 0.3858
15 67 109 -0.4494 0.9747
16 63 108 0.3615 0.6208
17 62 109 -0.5042 0.9676
18 58 107 0.3789 0.5871
19 62 106 -0.4840 0.9643
20 58 106 0.3447 0.6032
21 63 107 -0.4425 0.9374
22 60 107 0.3452 0.6004
23 103 148 -0.1356 1.0000
24 101 153 0.1356 0.9999
25 85 119 -0.3797 0.9700
26 86 137 0.3902 0.5967
27 65 139 -0.4219 0.8771
28 80 154 0.5050 0.5100
29 63 145 -0.4235 0.9081
30 79 158 0.5174 0.4775
31 54 129 -0.4805 0.9206
32 75 152 0.5118 0.6276
