0 186 69 -0.0661 0.9985
1 181 65 -0.0568 0.9981
2 181 65 -0.0570 0.9978
3 180 65 -0.0571 0.9986
4 181 66 -0.1029 0.9984
5 181 66 -0.1029 0.9980
6 180 66 -0.1029 0.9983
7 173 71 0.0089 0.9981
8 175 72 -0.1968 0.9976
9 186 74 -0.0356 0.9971
10 185 75 -0.0952 0.9976
11 169 99 0.1457 0.9986
12 178 105 -0.2964 0.9984
13 198 81 0.2219 0.2474
14 222 125 -0.2796 0.9314
15 209 44 0.1056 0.4230
16 231 95 -0.1053 0.8961
17 213 34 0.0853 0.4932
18 231 87 -0.1279 0.8709
19 211 32 0.0576 0.5021
20 226 85 -0.1322 0.8737
21 210 36 0.0868 0.5227
22 225 88 -0.1031 0.8557
23 196 170 0.1567 0.9987
24 197 178 -0.1566 0.9991
25 247 141 0.1967 0.3089
26 256 158 -0.2245 0.9556
27 259 184 0.2913 0.3819
28 266 227 -0.1118 0.9718
29 255 193 0.2999 0.4256
30 259 241 -0.0963 0.9677
31 278 184 0.2982 0.5111
32 288 234 -0.1000 0.9570
