0 66 96 -0.0926 0.9975
1 65 95 -0.1214 0.9978
2 64 96 -0.1214 0.9973
3 63 96 -0.1214 0.9979
4 66 94 -0.1305 0.9981
5 67 94 -0.1305 0.9977
6 67 94 -0.1306 0.9981
7 63 97 -0.1878 0.9983
8 68 95 -0.2311 0.9982
9 66 98 -0.1063 0.9983
10 68 97 -0.1189 0.9974
11 62 106 -0.1226 0.9965
12 77 101 -0.2491 0.9986
13 65 99 0.0017 0.1364
14 82 91 -0.2278 0.8737
15 67 89 0.0198 0.2954
16 79 80 -0.2278 0.9528
17 66 87 0.0052 0.3852
18 78 78 -0.2722 0.9542
19 67 87 -0.0218 0.3948
20 77 79 -0.2928 0.9556
21 67 88 0.0089 0.3930
22 77 80 -0.2391 0.9331
23 74 128 0.0419 0.9983
24 82 126 -0.0421 0.9983
25 70 126 0.3216 0.0530
26 82 124 0.1945 0.2273
27 76 132 0.6098 0.0679
28 80 132 0.5066 0.1712
29 77 134 0.6410 0.1230
30 79 134 0.5407 0.2972
31 77 130 0.6772 0.0908
32 81 131 0.5761 0.1928
