0 93 77 -0.1204 0.9957
1 96 77 -0.1359 0.9957
2 96 77 -0.1359 0.9953
3 96 77 -0.1359 0.9965
4 96 76 -0.1108 0.9947
5 96 77 -0.1109 0.9941
6 96 77 -0.1110 0.9961
7 97 80 -0.1650 0.9926
8 97 80 -0.0501 0.9841
9 93 79 -0.1277 0.9926
10 93 79 -0.0949 0.9907
11 95 88 -0.1975 0.9996
12 93 89 0.0262 0.9991
13 85 82 -0.2525 0.9493
14 88 99 0.0926 0.0438
15 77 79 -0.2519 0.8378
16 84 105 0.0633 0.0366
17 75 78 -0.2768 0.7770
18 83 107 0.0583 0.0478
19 76 77 -0.2698 0.7595
20 83 106 0.0357 0.0509
21 77 78 -0.2487 0.6401
22 83 106 0.0526 0.0484
23 83 112 -0.0549 0.9997
24 78 109 0.0547 0.9999
25 82 126 -0.0166 0.9785
26 61 111 -0.0204 0.9678
27 83 142 0.1642 0.9681
28 43 117 0.0162 0.9738
29 84 145 0.1802 0.5723
30 41 120 0.0180 0.8633
31 78 147 0.1083 0.9346
32 37 117 -0.0516 0.9741
