0 160 91 0.2404 0.9793
1 158 90 0.2155 0.9819
2 158 91 0.2154 0.9779
3 157 92 0.2154 0.9839
4 159 88 0.2309 0.9821
5 160 87 0.2309 0.9809
6 160 86 0.2307 0.9851
7 159 92 0.1161 0.9749
8 162 86 0.1874 0.9753
9 162 94 0.2078 0.9741
10 163 92 0.2281 0.9757
11 166 110 0.0332 0.9992
12 181 85 0.1975 0.9979
13 164 132 0.0976 0.5433
14 193 99 0.3055 0.1506
15 166 141 0.2666 0.1042
16 187 111 0.4164 0.0657
17 167 143 0.2733 0.1045
18 186 114 0.4385 0.0719
19 167 141 0.2760 0.1054
20 185 114 0.4268 0.0676
21 167 140 0.2715 0.0933
22 185 114 0.4148 0.0760
23 192 134 -0.0770 0.9999
24 201 125 0.0767 0.9995
25 192 171 -0.1010 0.9953
26 197 147 0.1575 0.6519
27 206 199 -0.0886 0.9807
28 205 175 0.2132 0.7137
29 207 202 -0.0874 0.9214
30 208 180 0.2167 0.7129
31 197 216 -0.1210 0.9177
32 200 183 0.1959 0.6020
