0 90 88 0.0033 0.9860
1 80 84 0.0245 0.9871
2 80 85 0.0243 0.9891
3 80 85 0.0241 0.9931
4 77 85 -0.0570 0.9877
5 75 86 -0.0571 0.9894
6 73 88 -0.0573 0.9909
7 76 95 0.1517 0.9960
8 72 100 -0.2072 0.9878
9 96 97 0.0608 0.9763
10 95 99 -0.0442 0.9691
11 84 145 0.3760 0.9816
12 92 142 -0.3908 0.9943
13 120 177 0.5590 0.0298
14 158 104 -0.4949 0.9930
15 142 194 0.5576 0.0294
16 198 43 -0.3902 0.9906
17 143 198 0.5996 0.0457
18 214 32 -0.4714 0.9859
19 146 194 0.5303 0.0473
20 213 28 -0.4078 0.9847
21 144 194 0.5305 0.0566
22 207 32 -0.3674 0.9752
23 103 265 0.2166 0.9826
24 105 257 -0.2161 0.9825
25 166 263 0.2834 0.2698
26 180 206 -0.2777 0.9312
27 150 332 0.4737 0.1990
28 173 307 -0.0216 0.5532
29 141 339 0.4974 0.3141
30 157 320 0.0134 0.6613
31 164 355 0.5158 0.2180
32 207 332 0.0920 0.4709
