0 120 51 -0.1737 0.9998
1 125 51 -0.1886 0.9998
2 125 51 -0.1887 0.9998
3 126 52 -0.1887 0.9998
4 124 50 -0.1517 0.9997
5 124 50 -0.1517 0.9997
6 125 50 -0.1517 0.9998
7 129 57 -0.2097 0.9997
8 128 55 -0.0429 0.9997
9 118 56 -0.1798 0.9998
10 118 55 -0.1310 0.9997
11 125 81 -0.2557 1.0000
12 125 80 0.0991 0.9992
13 121 117 -0.2978 0.9416
14 119 110 0.1941 0.1507
15 108 129 -0.3322 0.8647
16 96 103 0.1199 0.4581
17 104 134 -0.3734 0.8332
18 90 100 0.1257 0.4701
19 104 131 -0.3710 0.8238
20 91 97 0.0841 0.4977
21 105 130 -0.3324 0.7397
22 93 98 0.1008 0.4964
23 127 146 -0.1214 0.9992
24 123 138 0.1217 0.9957
25 91 169 -0.1924 0.9904
26 88 153 0.1431 0.5684
27 62 211 -0.1704 0.9921
28 53 174 0.2283 0.6861
29 63 221 -0.1740 0.9617
30 49 185 0.2326 0.7722
31 44 205 -0.2722 0.9826
32 35 168 0.1904 0.8149
