0 124 102 -0.0496 0.9997
1 120 98 -0.0303 0.9997
2 119 98 -0.0303 0.9996
3 119 98 -0.0303 0.9997
4 119 99 -0.0594 0.9999
5 118 100 -0.0595 0.9999
6 117 100 -0.0597 0.9999
7 115 103 0.0607 0.9998
8 111 105 -0.0699 0.9999
9 125 108 -0.0132 0.9995
10 123 109 -0.0510 0.9998
11 124 130 0.1477 0.9944
12 108 135 -0.1496 0.9997
13 133 98 0.1779 0.7604
14 113 161 -0.3310 0.9931
15 131 62 0.1607 0.8877
16 137 134 -0.4208 0.9827
17 132 54 0.1544 0.8338
18 144 128 -0.4502 0.9640
19 130 52 0.1536 0.8148
20 143 124 -0.4389 0.9582
21 130 56 0.1560 0.8288
22 141 125 -0.4158 0.9466
23 137 215 0.1008 0.9893
24 130 218 -0.1008 0.9956
25 156 254 0.1511 0.1089
26 164 261 -0.1068 0.7138
27 157 303 0.2444 0.0597
28 171 323 -0.0651 0.5270
29 153 311 0.2478 0.1361
30 165 333 -0.0631 0.6743
31 174 309 0.1977 0.1333
32 194 330 -0.1503 0.4759
