0 86 72 0.2737 1.0000
1 81 69 0.2691 1.0000
2 80 69 0.2690 1.0000
3 79 70 0.2689 1.0000
4 81 69 0.2442 1.0000
5 81 69 0.2442 1.0000
6 81 69 0.2441 1.0000
7 74 74 0.2482 1.0000
8 78 72 0.1338 1.0000
9 85 76 0.2708 1.0000
10 86 76 0.2371 1.0000
11 64 100 0.3143 0.9997
12 87 87 0.0148 1.0000
13 99 89 0.4895 0.1565
14 123 90 0.0666 0.9580
15 118 62 0.6177 0.4584
16 145 69 0.2442 0.9034
17 122 53 0.6486 0.4504
18 153 65 0.2612 0.8814
19 123 51 0.6323 0.4444
20 147 60 0.2622 0.8759
21 123 55 0.6132 0.4655
22 145 63 0.2523 0.8418
23 86 167 0.0987 1.0000
24 103 150 -0.0991 1.0000
25 121 200 0.1070 0.9693
26 135 109 -0.0642 0.9900
27 138 253 0.1022 0.9865
28 165 157 -0.0093 0.9868
29 138 263 0.1020 0.9848
30 167 167 -0.0001 0.9502
31 152 251 0.0902 0.9826
32 186 150 0.0358 0.9793
