0 340 114 -0.2322 1.0000
1 339 111 -0.2541 1.0000
2 338 110 -0.2541 1.0000
3 337 110 -0.2541 1.0000
4 340 112 -0.2611 1.0000
5 341 113 -0.2612 1.0000
6 341 113 -0.2613 1.0000
7 332 112 -0.2790 1.0000
8 340 115 -0.3148 1.0000
9 337 116 -0.2320 1.0000
10 339 118 -0.2425 1.0000
11 313 117 -0.2277 0.9999
12 345 138 -0.2967 1.0000
13 300 91 -0.1446 0.9840
14 373 149 -0.3078 0.9987
15 308 69 -0.1356 0.9810
16 400 145 -0.3345 0.9872
17 308 62 -0.1540 0.9711
18 406 143 -0.3725 0.9711
19 311 62 -0.1709 0.9700
20 405 139 -0.3753 0.9692
21 311 65 -0.1415 0.9526
22 403 140 -0.3370 0.9540
23 320 162 0.0486 1.0000
24 332 169 -0.0488 1.0000
25 338 170 0.2758 0.2846
26 356 162 0.1251 0.8904
27 344 190 0.5002 0.6959
28 360 181 0.3249 0.9406
29 344 194 0.5245 0.8031
30 357 187 0.3457 0.9404
31 354 192 0.5220 0.6543
32 371 180 0.3422 0.8636
