0 300 90 0.0417 1.0000
1 299 85 -0.0036 1.0000
2 297 85 -0.0036 1.0000
3 296 86 -0.0035 1.0000
4 304 84 0.0153 1.0000
5 306 84 0.0152 1.0000
6 308 84 0.0152 1.0000
7 297 88 -0.1268 1.0000
8 313 88 -0.0410 1.0000
9 297 95 0.0101 1.0000
10 304 95 0.0343 1.0000
11 280 111 -0.1299 0.9999
12 333 106 0.0107 1.0000
13 255 90 -0.0126 0.9818
14 335 72 0.2857 0.8976
15 236 54 0.1368 0.9947
16 334 39 0.5051 0.9900
17 228 45 0.1351 0.9935
18 336 28 0.5115 0.9864
19 233 43 0.1200 0.9938
20 330 28 0.4873 0.9866
21 236 47 0.1389 0.9900
22 328 33 0.5016 0.9844
23 264 202 -0.0407 1.0000
24 299 210 0.0394 1.0000
25 247 146 0.3852 0.5821
26 303 199 0.3959 0.6171
27 224 184 0.6248 0.6157
28 295 229 0.6348 0.6753
29 224 192 0.6566 0.6000
30 292 234 0.6653 0.7180
31 223 182 0.7216 0.6822
32 289 237 0.7191 0.7507
