0 189 149 -0.6404 0.9999
1 194 152 -0.6341 0.9999
2 194 153 -0.6341 0.9999
3 194 155 -0.6343 0.9999
4 193 146 -0.6366 0.9999
5 194 143 -0.6368 0.9999
6 194 142 -0.6368 0.9999
7 196 157 -0.5212 0.9999
8 194 138 -0.5357 1.0000
9 185 152 -0.5903 0.9999
10 184 146 -0.5951 1.0000
11 184 170 -0.3867 1.0000
12 184 127 -0.3548 1.0000
13 150 172 -0.3653 0.9918
14 175 106 -0.2217 0.9558
15 147 155 -0.3769 0.9719
16 155 127 -0.1540 0.8399
17 147 149 -0.3929 0.9345
18 152 132 -0.1502 0.7073
19 151 149 -0.3878 0.9314
20 154 135 -0.1584 0.7085
21 152 149 -0.3716 0.8648
22 156 134 -0.1521 0.6780
23 166 168 -0.0014 0.9997
24 160 148 0.0017 0.9997
25 143 201 -0.0418 0.9234
26 154 161 -0.2315 0.5114
27 123 241 -0.0159 0.9660
28 139 188 -0.0425 0.2823
29 120 245 -0.0160 0.8512
30 139 190 -0.0243 0.3785
31 117 254 -0.1180 0.9575
32 133 197 -0.1046 0.5168
