0 84 77 0.0919 0.9978
1 85 76 0.0607 0.9974
2 85 76 0.0607 0.9975
3 85 76 0.0608 0.9974
4 85 76 0.0868 0.9979
5 86 76 0.0868 0.9978
6 86 76 0.0867 0.9979
7 86 76 -0.0368 0.9945
8 87 77 0.0818 0.9973
9 84 78 0.0619 0.9886
10 84 78 0.0960 0.9891
11 84 79 -0.1268 0.9998
12 89 83 0.1443 0.9986
13 76 79 -0.1259 0.8029
14 89 93 0.2797 0.0950
15 73 74 -0.0394 0.7981
16 86 96 0.3574 0.1056
17 72 73 -0.0515 0.7889
18 86 97 0.3762 0.1480
19 73 73 -0.0534 0.7962
20 85 97 0.3562 0.1457
21 73 73 -0.0367 0.7239
22 85 97 0.3525 0.1465
23 83 102 -0.1042 1.0000
24 86 103 0.1038 0.9999
25 74 111 -0.1363 0.9405
26 76 109 0.2428 0.1618
27 77 124 -0.1553 0.9571
28 75 121 0.3345 0.2934
29 80 127 -0.1533 0.9569
30 78 122 0.3441 0.4215
31 75 128 -0.1881 0.9571
32 73 124 0.3359 0.3729
