0 351 62 0.0476 0.9997
1 350 58 0.0343 0.9997
2 349 57 0.0343 0.9997
3 348 57 0.0343 0.9997
4 352 60 0.0137 0.9998
5 352 60 0.0138 0.9998
6 352 60 0.0137 0.9998
7 343 55 0.0047 0.9997
8 349 58 -0.0915 0.9996
9 347 62 0.0458 0.9994
10 348 64 0.0170 0.9994
11 314 65 0.0631 0.9993
12 345 71 -0.1649 0.9999
13 311 54 0.2762 0.5585
14 363 68 -0.2400 0.9936
15 333 29 0.4373 0.7038
16 383 51 -0.2630 0.9842
17 334 24 0.4680 0.7277
18 389 47 -0.2919 0.9770
19 338 23 0.4422 0.7340
20 386 44 -0.2825 0.9770
21 337 26 0.4330 0.7423
22 384 46 -0.2587 0.9636
23 322 134 0.1012 0.9997
24 338 137 -0.1015 0.9999
25 346 151 0.2830 0.2048
26 358 171 -0.0124 0.9357
27 355 185 0.4667 0.2397
28 361 210 0.0620 0.9387
29 354 193 0.4853 0.3903
30 362 221 0.0709 0.9488
31 367 188 0.5000 0.2749
32 379 216 0.0450 0.8877
