0 271 99 -0.2709 0.9997
1 272 95 -0.3035 0.9998
2 273 95 -0.3034 0.9998
3 274 95 -0.3035 0.9997
4 271 95 -0.2644 0.9995
5 271 94 -0.2644 0.9994
6 271 94 -0.2644 0.9994
7 279 96 -0.3684 0.9997
8 275 95 -0.1907 0.9996
9 275 103 -0.2866 0.9998
10 274 103 -0.2352 0.9994
11 273 122 -0.4223 1.0000
12 290 113 -0.0276 0.9995
13 233 129 -0.4471 0.9995
14 288 105 0.1781 0.5295
15 199 118 -0.3501 0.9971
16 293 84 0.3626 0.6510
17 190 115 -0.3855 0.9901
18 298 78 0.3928 0.6106
19 190 112 -0.3801 0.9897
20 298 79 0.3801 0.5648
21 193 114 -0.3448 0.9768
22 296 82 0.3632 0.5149
23 254 170 -0.1350 0.9997
24 253 165 0.1349 0.9998
25 228 129 -0.1286 0.9421
26 209 156 0.1495 0.9408
27 190 156 0.1122 0.9468
28 180 187 0.3593 0.9428
29 187 165 0.1411 0.9553
30 178 196 0.3797 0.9433
31 164 144 0.1490 0.9618
32 161 182 0.3580 0.9090
