0 279 156 -0.1909 0.9991
1 286 158 -0.2128 0.9990
2 286 159 -0.2128 0.9991
3 287 161 -0.2128 0.9992
4 286 157 -0.1776 0.9991
5 286 157 -0.1778 0.9989
6 287 157 -0.1779 0.9991
7 287 171 -0.2548 0.9989
8 288 167 -0.0946 0.9988
9 275 161 -0.2024 0.9995
10 275 159 -0.1554 0.9986
11 264 201 -0.3046 0.9977
12 260 162 -0.0050 0.9986
13 236 170 -0.3867 0.9865
14 245 122 0.0336 0.9453
15 215 122 -0.4266 0.9915
16 239 79 -0.0591 0.9728
17 210 113 -0.4775 0.9858
18 237 66 -0.0783 0.9615
19 213 110 -0.4687 0.9847
20 238 65 -0.1177 0.9630
21 215 112 -0.4241 0.9766
22 238 71 -0.0809 0.9618
23 187 217 -0.0867 0.9981
24 187 192 0.0868 0.9989
25 170 182 -0.3730 0.9775
26 164 138 -0.0326 0.9370
27 130 130 -0.2721 0.9786
28 117 153 0.1454 0.8934
29 122 124 -0.2617 0.9813
30 107 166 0.1618 0.8851
31 137 95 -0.3448 0.9754
32 101 143 0.1060 0.9010
