0 165 73 0.5297 1.0000
1 161 70 0.4920 1.0000
2 160 70 0.4921 1.0000
3 158 71 0.4921 1.0000
4 165 68 0.4945 1.0000
5 166 68 0.4946 1.0000
6 167 67 0.4946 1.0000
7 157 73 0.3454 1.0000
8 171 68 0.3582 1.0000
9 164 77 0.4857 1.0000
10 168 75 0.4891 1.0000
11 149 98 0.2589 1.0000
12 191 77 0.2751 1.0000
13 117 109 0.4356 0.9910
14 215 56 0.4148 0.9986
15 122 78 0.6838 0.9445
16 210 30 0.6337 0.9872
17 120 71 0.7102 0.9136
18 212 23 0.6560 0.9815
19 124 69 0.7000 0.9152
20 209 23 0.6651 0.9806
21 126 72 0.6884 0.8983
22 208 26 0.6450 0.9740
23 184 156 0.0071 1.0000
24 214 148 -0.0078 1.0000
25 144 183 0.1173 0.9996
26 270 157 0.1536 0.9997
27 121 234 -0.0344 0.9994
28 272 215 0.0359 0.9998
29 120 246 -0.0406 0.9991
30 269 225 0.0296 0.9996
31 99 224 0.0000 0.9965
32 297 212 0.0800 0.9981
