0 193 86 -0.0142 0.9976
1 193 82 -0.0149 0.9965
2 193 81 -0.0150 0.9960
3 192 80 -0.0150 0.9961
4 194 83 -0.0549 0.9978
5 194 83 -0.0549 0.9980
6 194 83 -0.0550 0.9984
7 187 79 0.0038 0.9939
8 191 82 -0.1787 0.9957
9 190 88 0.0009 0.9944
10 191 89 -0.0530 0.9954
11 169 86 0.1296 0.9966
12 180 91 -0.2697 0.9999
13 191 86 0.3555 0.1095
14 210 97 -0.2760 0.9707
15 207 67 0.4433 0.3718
16 213 72 -0.1477 0.9780
17 210 63 0.4749 0.4547
18 216 66 -0.1695 0.9728
19 208 62 0.4457 0.4603
20 212 65 -0.1677 0.9728
21 207 63 0.4333 0.4801
22 211 66 -0.1432 0.9544
23 160 154 0.1463 0.9994
24 171 158 -0.1462 0.9999
25 190 167 0.3648 0.3539
26 208 190 -0.1550 0.9935
27 190 204 0.6074 0.4646
28 209 238 -0.1543 0.9956
29 187 210 0.6297 0.5207
30 206 247 -0.1562 0.9886
31 199 199 0.6367 0.4979
32 227 237 -0.2181 0.9881
