0 204 74 0.1956 0.9993
1 201 72 0.1768 0.9996
2 201 73 0.1766 0.9995
3 200 73 0.1766 0.9997
4 204 71 0.1590 0.9994
5 205 71 0.1590 0.9991
6 205 70 0.1589 0.9992
7 200 76 0.1170 0.9994
8 207 72 0.0358 0.9986
9 205 78 0.1792 0.9995
10 208 77 0.1552 0.9993
11 200 106 0.1236 0.9998
12 228 85 -0.0629 0.9997
13 190 137 0.1164 0.9995
14 254 76 -0.1183 0.9989
15 173 163 0.0630 0.9989
16 272 57 -0.1207 0.9892
17 170 171 0.0496 0.9969
18 279 54 -0.1503 0.9771
19 169 171 0.0370 0.9968
20 276 52 -0.1285 0.9764
21 170 168 0.0587 0.9927
22 273 53 -0.1112 0.9576
23 257 141 0.1001 0.9984
24 265 134 -0.1004 0.9978
25 308 150 0.1106 0.8623
26 307 141 -0.0464 0.9945
27 347 181 0.1978 0.9573
28 351 129 0.0180 0.9947
29 347 202 0.2039 0.9705
30 359 136 0.0216 0.9908
31 365 186 0.1467 0.9604
32 363 117 -0.0399 0.9890
