0 251 163 0.1178 0.9996
1 250 163 0.1032 0.9997
2 249 164 0.1032 0.9997
3 248 164 0.1032 0.9997
4 250 162 0.1296 0.9995
5 250 162 0.1298 0.9994
6 250 161 0.1297 0.9995
7 245 164 0.0477 0.9995
8 247 161 0.1712 0.9996
9 250 163 0.0988 0.9989
10 250 161 0.1337 0.9992
11 238 172 0.0073 0.9999
12 244 152 0.1989 0.9999
13 228 216 -0.0389 0.9210
14 235 161 0.2909 0.0341
15 220 253 0.0090 0.9201
16 219 177 0.3574 0.0413
17 212 261 0.0004 0.8668
18 212 164 0.3776 0.0494
19 212 258 0.0156 0.8486
20 210 164 0.3685 0.0493
21 210 252 0.0167 0.7725
22 215 174 0.3558 0.0504
23 278 108 -0.0428 1.0000
24 289 91 0.0421 1.0000
25 217 116 -0.0237 0.9459
26 237 43 -0.0471 0.8317
27 158 146 -0.0733 0.7017
28 183 75 -0.0047 0.6345
29 145 155 -0.0747 0.6978
30 178 84 0.0019 0.6173
31 127 140 -0.0666 0.7489
32 155 67 -0.0061 0.6627
