0 286 145 -0.2980 0.9995
1 291 147 -0.3392 0.9997
2 290 148 -0.3392 0.9997
3 290 149 -0.3393 0.9998
4 292 146 -0.2978 0.9996
5 293 146 -0.2980 0.9995
6 293 146 -0.2981 0.9997
7 291 160 -0.4261 0.9995
8 295 155 -0.2439 0.9997
9 283 151 -0.3183 0.9998
10 284 149 -0.2649 0.9996
11 261 184 -0.4449 0.9998
12 292 174 -0.0838 0.9996
13 209 169 -0.4442 0.9852
14 288 149 0.1786 0.5575
15 184 125 -0.3936 0.9702
16 282 116 0.2761 0.7722
17 173 115 -0.4474 0.9502
18 285 109 0.2843 0.7489
19 179 111 -0.4499 0.9513
20 283 110 0.2369 0.7571
21 183 115 -0.3942 0.9233
22 280 112 0.2600 0.7556
23 193 220 -0.1299 0.9996
24 207 207 0.1300 0.9984
25 149 171 -0.1416 0.9407
26 159 174 0.2692 0.2620
27 74 166 -0.0543 0.9647
28 103 189 0.4851 0.2019
29 62 173 -0.0446 0.9518
30 85 191 0.5078 0.2517
31 61 140 -0.0830 0.9420
32 86 170 0.5143 0.3564
