0 217 130 0.0595 0.9966
1 215 126 0.0310 0.9975
2 213 127 0.0309 0.9973
3 212 127 0.0308 0.9975
4 219 126 0.0347 0.9965
5 220 126 0.0349 0.9955
6 221 126 0.0348 0.9952
7 211 131 -0.0640 0.9985
8 224 128 -0.0475 0.9968
9 216 134 0.0323 0.9976
10 220 134 0.0373 0.9970
11 201 153 -0.0983 0.9997
12 240 151 -0.0700 0.9985
13 206 192 -0.0685 0.7157
14 248 180 -0.0371 0.4265
15 216 205 -0.0053 0.1647
16 245 197 0.0226 0.1944
17 219 208 -0.0147 0.1173
18 247 201 0.0239 0.1599
19 220 206 -0.0129 0.1130
20 244 200 0.0173 0.1487
21 220 205 -0.0054 0.1199
22 242 199 0.0199 0.1419
23 222 202 -0.0152 0.9988
24 240 199 0.0154 0.9963
25 226 230 0.1115 0.3950
26 243 228 0.1560 0.2000
27 226 268 0.2616 0.3030
28 243 263 0.3029 0.1910
29 227 275 0.2762 0.3320
30 243 270 0.3188 0.3413
31 223 269 0.2667 0.1110
32 243 265 0.3058 0.0907
