0 272 117 -0.0856 1.0000
1 273 113 -0.0612 1.0000
2 273 113 -0.0613 1.0000
3 273 113 -0.0614 1.0000
4 272 113 -0.1048 1.0000
5 272 112 -0.1049 1.0000
6 271 112 -0.1050 1.0000
7 267 109 0.0655 1.0000
8 265 107 -0.1331 1.0000
9 269 119 -0.0363 1.0000
10 268 118 -0.0942 1.0000
11 253 132 0.1643 1.0000
12 235 114 -0.1796 1.0000
13 246 159 0.1601 0.9075
14 215 116 -0.4379 0.9950
15 272 148 0.0258 0.9898
16 239 96 -0.6437 0.9986
17 279 146 0.0155 0.9815
18 242 90 -0.6909 0.9969
19 279 143 0.0081 0.9803
20 243 89 -0.6690 0.9961
21 277 143 0.0190 0.9729
22 243 92 -0.6382 0.9918
23 225 176 0.1237 1.0000
24 210 165 -0.1239 1.0000
25 244 214 0.0123 0.8656
26 211 197 -0.3117 0.9789
27 205 197 0.2572 0.6464
28 169 185 -0.1530 0.9739
29 201 191 0.2849 0.7631
30 166 180 -0.1331 0.9671
31 192 201 0.2701 0.7190
32 148 187 -0.1664 0.9743
