0 125 132 -0.0461 0.9978
1 127 129 -0.0826 0.9984
2 127 129 -0.0827 0.9984
3 127 129 -0.0827 0.9991
4 126 129 -0.0430 0.9984
5 127 129 -0.0431 0.9977
6 127 129 -0.0431 0.9984
7 131 129 -0.1899 0.9974
8 131 129 -0.0100 0.9963
9 127 134 -0.0795 0.9979
10 126 134 -0.0272 0.9959
11 133 140 -0.2812 0.9990
12 137 137 0.1143 0.9961
13 117 145 -0.2870 0.9454
14 129 132 0.3546 0.1382
15 111 137 -0.1420 0.9325
16 121 125 0.4831 0.3754
17 108 134 -0.1643 0.9275
18 119 124 0.5112 0.4740
19 108 132 -0.1689 0.9323
20 112 128 0.4856 0.4810
21 110 134 -0.1388 0.9075
22 119 124 0.4757 0.4746
23 140 178 -0.1390 0.9996
24 138 172 0.1392 0.9994
25 114 186 -0.1361 0.9751
26 116 169 0.2801 0.6577
27 95 204 -0.0945 0.9967
28 132 187 0.4850 0.8228
29 92 207 -0.0882 0.9911
30 138 188 0.5058 0.8333
31 80 203 -0.1503 0.9932
32 133 193 0.5209 0.8337
