0 239 47 0.2700 1.0000
1 237 44 0.2294 1.0000
2 236 44 0.2293 1.0000
3 234 44 0.2294 1.0000
4 241 45 0.2327 1.0000
5 242 45 0.2327 1.0000
6 243 46 0.2326 1.0000
7 231 46 0.0909 1.0000
8 244 49 0.1010 1.0000
9 236 50 0.2294 0.9999
10 241 52 0.2309 0.9998
11 215 57 0.0694 1.0000
12 256 66 0.0330 0.9999
13 191 35 0.1754 0.9935
14 279 57 0.1905 0.9666
15 172 9 0.2870 0.9967
16 283 39 0.4641 0.9368
17 166 5 0.3061 0.9955
18 285 33 0.4976 0.9245
19 168 3 0.2990 0.9955
20 282 31 0.4967 0.9224
21 170 5 0.2922 0.9905
22 280 33 0.4747 0.9021
23 213 136 0.0461 1.0000
24 237 135 -0.0477 1.0000
25 205 189 0.0431 1.0000
26 274 140 0.1004 0.9997
27 203 237 -0.0395 0.9993
28 252 185 0.1752 0.9955
29 207 244 -0.0435 0.9996
30 245 191 0.1888 0.9956
31 191 250 -0.0496 0.9666
32 270 190 0.2572 0.9080
