0 257 106 -0.0025 0.9996
1 262 107 -0.0224 0.9996
2 263 107 -0.0225 0.9996
3 263 107 -0.0224 0.9998
4 262 107 0.0103 0.9996
5 262 108 0.0103 0.9995
6 262 108 0.0102 0.9996
7 264 113 -0.0762 0.9993
8 263 114 0.0689 0.9994
9 255 109 -0.0217 0.9994
10 254 110 0.0208 0.9990
11 255 123 -0.1799 0.9998
12 246 133 0.1623 0.9945
13 240 89 -0.2903 0.9955
14 213 140 0.2530 0.1133
15 235 53 -0.2266 0.9752
16 190 126 0.1868 0.1308
17 235 44 -0.2541 0.9512
18 187 125 0.1923 0.1457
19 238 43 -0.2252 0.9428
20 187 124 0.1564 0.1539
21 238 46 -0.2149 0.9279
22 188 124 0.1692 0.1660
23 180 175 -0.0998 0.9998
24 181 168 0.0998 0.9966
25 131 174 -0.1173 0.9984
26 180 126 0.1473 0.6096
27 75 191 -0.1165 0.9976
28 154 146 0.2114 0.6651
29 70 196 -0.1193 0.9860
30 150 153 0.2154 0.6786
31 51 187 -0.2003 0.9939
32 146 139 0.2179 0.8134
