0 74 126 -0.1381 0.9046
1 72 124 -0.1485 0.8671
2 71 124 -0.1485 0.8525
3 71 123 -0.1486 0.8817
4 72 124 -0.1542 0.8668
5 72 124 -0.1543 0.8535
6 73 124 -0.1544 0.8748
7 70 124 -0.1545 0.8022
8 72 125 -0.1807 0.8270
9 70 128 -0.1346 0.9095
10 71 128 -0.1423 0.9133
11 64 135 -0.1249 0.9967
12 76 137 -0.1681 0.9979
13 57 150 -0.1320 0.6956
14 77 151 -0.1836 0.7683
15 50 157 -0.1783 0.4484
16 81 156 -0.2147 0.3567
17 47 160 -0.1994 0.3949
18 83 158 -0.2318 0.3146
19 48 158 -0.2039 0.4015
20 82 156 -0.2393 0.3007
21 50 157 -0.1823 0.3341
22 81 155 -0.2185 0.2505
23 68 170 0.0204 0.9938
24 71 170 -0.0205 0.9953
25 67 197 0.0205 0.0931
26 69 198 -0.0480 0.2177
27 67 226 0.1115 0.1401
28 71 229 0.0165 0.3198
29 64 232 0.1182 0.2169
30 67 234 0.0202 0.4148
31 72 231 0.0650 0.1709
32 79 234 -0.0494 0.2966
