0 223 27 0.2582 0.9985
1 226 22 0.2133 0.9984
2 226 22 0.2133 0.9981
3 227 21 0.2133 0.9982
4 228 23 0.2352 0.9986
5 230 22 0.2353 0.9984
6 232 22 0.2351 0.9989
7 232 20 0.0717 0.9981
8 240 24 0.1714 0.9989
9 225 29 0.2174 0.9976
10 225 34 0.2462 0.9984
11 222 29 -0.0258 1.0000
12 256 64 0.1708 1.0000
13 190 56 0.0318 0.8850
14 235 97 0.2518 0.8298
15 168 62 0.2364 0.1823
16 210 109 0.3451 0.1521
17 162 63 0.2468 0.1905
18 203 112 0.3607 0.1260
19 166 61 0.2582 0.1914
20 204 109 0.3574 0.1161
21 168 61 0.2463 0.1704
22 206 108 0.3445 0.1244
23 167 90 -0.0922 0.9996
24 184 112 0.0919 0.9995
25 118 60 0.0737 0.9974
26 143 141 0.2331 0.9701
27 83 107 0.1946 0.9951
28 96 183 0.3012 0.9901
29 80 119 0.2155 0.9918
30 89 191 0.3103 0.9934
31 62 98 0.2847 0.9657
32 87 173 0.3210 0.8721
