0 29 70 -0.2614 0.9987
1 25 69 -0.2512 0.9984
2 24 69 -0.2516 0.9985
3 24 69 -0.2519 0.9990
4 25 69 -0.3105 0.9982
5 25 70 -0.3105 0.9978
6 25 70 -0.3104 0.9975
7 23 73 -0.1416 0.9990
8 25 75 -0.4097 0.9960
9 30 72 -0.2084 0.9982
10 31 73 -0.2865 0.9983
11 30 82 0.0252 0.9995
12 35 89 -0.4861 0.9948
13 46 62 0.1092 0.8202
14 49 64 -0.5766 0.9745
15 64 41 -0.0004 0.9000
16 61 46 -0.5357 0.9585
17 66 35 -0.0123 0.8700
18 68 42 -0.6073 0.9458
19 67 35 -0.0859 0.8762
20 66 41 -0.5897 0.9425
21 67 38 -0.0338 0.8732
22 64 42 -0.5308 0.9224
23 65 101 0.1702 0.9984
24 67 108 -0.1698 0.9968
25 92 79 0.1533 0.7671
26 86 77 -0.1636 0.9869
27 117 101 0.2773 0.8396
28 121 75 -0.0490 0.9942
29 119 108 0.2875 0.8442
30 127 78 -0.0388 0.9865
31 128 92 0.2302 0.8426
32 128 63 -0.0925 0.9865
