0 74 18 -1.4382 0.8334
1 81 30 -1.3741 0.8067
2 80 33 -1.3758 0.8327
3 78 35 -1.3776 0.8614
4 83 21 -1.3365 0.7632
5 83 20 -1.3360 0.7311
6 82 18 -1.3374 0.7132
7 71 43 -0.8380 0.8837
8 77 18 -0.6560 0.6028
9 62 19 -1.2233 0.8302
10 64 12 -1.1751 0.7617
11 19 49 -0.7873 0.8517
12 40 -20 -0.1542 0.6299
13 -34 61 -1.1304 0.0643
14 -9 -32 -0.3988 0.0164
15 -64 55 -1.4880 0.0382
16 16 -10 -1.2933 0.0697
17 -78 57 -1.6273 0.0680
18 21 -5 -1.4197 0.1165
19 -71 51 -1.6734 0.0933
20 26 -7 -1.3947 0.1484
21 -66 49 -1.5191 0.0976
22 23 -6 -1.3185 0.1513
23 -88 25 -0.2223 0.0015
24 -79 -24 0.2303 0.0010
25 -170 16 -0.4654 0.0024
26 -160 -29 0.3606 0.0017
27 -251 9 0.4657 0.0001
28 -237 -37 1.0290 0.0001
29 -264 9 0.5081 0.0001
30 -248 -39 1.0722 0.0001
31 -274 0 -0.4580 0.0002
32 -261 -36 0.1763 0.0002
