0 258 34 0.2426 0.9999
1 257 31 0.2185 0.9999
2 257 30 0.2185 0.9999
3 256 30 0.2184 0.9999
4 260 31 0.2088 0.9999
5 261 31 0.2088 0.9999
6 263 30 0.2086 0.9999
7 256 31 0.1330 0.9999
8 265 32 0.0877 0.9999
9 257 37 0.2165 0.9999
10 260 37 0.2032 1.0000
11 244 52 0.1289 0.9999
12 274 53 -0.0269 0.9999
13 240 90 0.0797 0.7719
14 269 86 -0.1197 0.9346
15 242 110 0.0148 0.3518
16 269 104 -0.2194 0.2309
17 241 118 -0.0027 0.3138
18 270 111 -0.2515 0.1966
19 245 116 -0.0151 0.3050
20 269 109 -0.2531 0.1837
21 246 113 0.0053 0.2633
22 268 106 -0.2240 0.1450
23 247 114 0.0952 0.9994
24 258 115 -0.0951 0.9998
25 245 159 0.1688 0.8650
26 250 170 -0.1998 0.9978
27 222 198 0.2524 0.9325
28 219 228 -0.2755 0.9973
29 217 204 0.2566 0.9527
30 212 236 -0.2886 0.9948
31 229 212 0.1975 0.7895
32 245 243 -0.4057 0.9670
