0 84 86 -0.2988 0.9999
1 85 84 -0.2864 0.9998
2 86 84 -0.2865 0.9998
3 86 84 -0.2866 0.9997
4 84 84 -0.2711 0.9998
5 83 84 -0.2711 0.9998
6 82 84 -0.2711 0.9997
7 88 84 -0.1874 0.9998
8 83 84 -0.1148 0.9998
9 86 88 -0.2596 0.9997
10 84 88 -0.2385 0.9992
11 93 93 -0.1409 1.0000
12 79 91 0.0166 0.9988
13 107 95 -0.1692 0.9995
14 70 86 0.1127 0.9239
15 120 98 -0.2540 0.9979
16 64 79 0.0974 0.9676
17 123 99 -0.2752 0.9902
18 63 77 0.1034 0.9258
19 123 99 -0.2983 0.9922
20 63 76 0.0798 0.9318
21 122 98 -0.2683 0.9907
22 63 77 0.0857 0.9372
23 85 121 -0.0901 0.9996
24 77 119 0.0903 0.9993
25 70 133 -0.2212 0.9759
26 62 132 0.0156 0.7614
27 64 153 -0.1351 0.9757
28 64 151 0.1370 0.7547
29 65 157 -0.1313 0.9348
30 66 156 0.1429 0.7770
31 56 155 -0.2441 0.9735
32 56 153 0.0579 0.8292
