0 183 119 0.4569 0.9989
1 179 112 0.4767 0.9967
2 180 109 0.4766 0.9968
3 181 107 0.4766 0.9974
4 179 119 0.4889 0.9964
5 179 121 0.4890 0.9956
6 180 124 0.4888 0.9973
7 187 105 0.5117 0.9950
8 185 122 0.5708 0.9965
9 191 117 0.4657 0.9982
10 189 125 0.4822 0.9971
11 207 110 0.3758 1.0000
12 219 145 0.5180 0.9989
13 201 111 0.0939 0.9180
14 259 170 0.5101 0.0339
15 174 148 -0.1508 0.9513
16 267 199 0.4423 0.1633
17 168 156 -0.2095 0.9249
18 271 207 0.4200 0.2414
19 165 156 -0.1761 0.8975
20 266 208 0.3890 0.2241
21 168 154 -0.1437 0.8439
22 265 204 0.4266 0.1994
23 264 139 -0.0097 1.0000
24 259 168 0.0095 0.9999
25 310 146 -0.4060 0.8402
26 287 198 -0.2809 0.9245
27 369 145 -0.5317 0.6547
28 314 201 -0.3359 0.5724
29 377 147 -0.5490 0.8141
30 317 200 -0.3468 0.6994
31 390 135 -0.6943 0.7969
32 324 203 -0.4707 0.7017
