0 256 108 0.0352 0.9999
1 260 104 -0.0021 0.9999
2 260 105 -0.0021 0.9999
3 260 106 -0.0020 0.9999
4 261 103 0.0165 0.9999
5 262 103 0.0164 0.9999
6 263 103 0.0163 0.9999
7 265 111 -0.1090 0.9997
8 269 107 -0.0218 0.9998
9 256 113 0.0047 0.9999
10 256 112 0.0296 0.9999
11 251 141 -0.1297 0.9987
12 288 126 0.0413 0.9999
13 212 156 -0.0060 0.8874
14 285 83 0.1562 0.8986
15 196 131 0.1683 0.8516
16 274 51 0.1128 0.9937
17 190 125 0.1607 0.8212
18 273 41 0.0879 0.9866
19 196 121 0.1491 0.8311
20 271 41 0.0604 0.9863
21 198 122 0.1695 0.8246
22 270 45 0.0997 0.9844
23 241 204 -0.1167 0.9998
24 254 205 0.1164 0.9999
25 192 161 -0.1362 0.9944
26 191 198 0.1854 0.9422
27 127 158 -0.0408 0.9987
28 170 235 0.3530 0.9804
29 119 165 -0.0319 0.9960
30 168 240 0.3682 0.9694
31 102 141 -0.0933 0.9982
32 151 243 0.3216 0.9849
