0 160 67 0.0320 0.9999
1 163 64 0.0184 1.0000
2 164 64 0.0185 1.0000
3 164 64 0.0185 1.0000
4 162 65 0.0465 0.9999
5 163 65 0.0465 0.9999
6 163 65 0.0464 0.9999
7 168 65 -0.0172 0.9999
8 166 66 0.1092 0.9999
9 161 70 0.0210 0.9997
10 160 71 0.0573 0.9996
11 170 78 -0.1010 0.9996
12 171 85 0.1909 0.9996
13 141 70 -0.1873 0.9714
14 139 83 0.2680 0.4389
15 122 53 -0.1897 0.9562
16 114 73 0.2466 0.6783
17 116 50 -0.2159 0.9364
18 111 67 0.2585 0.6580
19 117 49 -0.2000 0.9269
20 110 67 0.2300 0.6603
21 119 50 -0.1829 0.8966
22 111 68 0.2335 0.6582
23 179 131 -0.0934 0.9999
24 180 141 0.0933 1.0000
25 137 107 -0.2231 0.9967
26 180 186 0.0739 0.9852
27 159 150 -0.1279 0.9863
28 192 231 0.0936 0.9951
29 165 152 -0.1165 0.9777
30 201 238 0.0944 0.9900
31 148 162 -0.1144 0.9862
32 180 247 0.0533 0.9934
