0 104 47 -0.2329 0.9998
1 103 46 -0.2156 0.9998
2 103 46 -0.2156 0.9998
3 102 46 -0.2157 0.9998
4 103 46 -0.2711 0.9999
5 103 46 -0.2711 0.9998
6 102 46 -0.2710 0.9998
7 100 47 -0.1126 0.9995
8 100 48 -0.3685 0.9997
9 104 49 -0.1879 0.9993
10 104 49 -0.2622 0.9995
11 100 54 0.0401 0.9982
12 107 59 -0.4444 0.9987
13 111 44 0.1223 0.3618
14 123 56 -0.5568 0.9871
15 118 33 -0.0384 0.6229
16 132 44 -0.5489 0.9831
17 119 29 -0.0478 0.6336
18 131 38 -0.6254 0.9666
19 119 29 -0.1126 0.6444
20 132 39 -0.5975 0.9651
21 119 31 -0.0711 0.6303
22 131 40 -0.5425 0.9422
23 111 80 0.1717 0.9915
24 115 85 -0.1714 0.9862
25 126 58 0.1774 0.1681
26 133 68 -0.1480 0.8485
27 141 45 0.3251 0.1832
28 148 55 0.0087 0.9078
29 144 44 0.3309 0.2048
30 152 55 0.0142 0.8490
31 139 35 0.2461 0.2763
32 145 45 -0.1151 0.8878
