0 76 30 -0.2760 0.9920
1 78 29 -0.2797 0.9895
2 79 29 -0.2799 0.9876
3 79 29 -0.2802 0.9905
4 78 29 -0.2339 0.9880
5 78 29 -0.2341 0.9867
6 78 29 -0.2343 0.9894
7 81 31 -0.2471 0.9917
8 79 31 -0.0458 0.9864
9 77 32 -0.2639 0.9962
10 76 32 -0.2065 0.9933
11 87 41 -0.2731 0.9927
12 72 40 0.0877 0.9984
13 89 55 -0.3059 0.9775
14 62 37 0.0952 0.9951
15 88 67 -0.3620 0.9142
16 54 30 -0.0497 0.9965
17 88 71 -0.4043 0.8393
18 52 28 -0.0762 0.9835
19 87 71 -0.4356 0.8509
20 52 27 -0.1059 0.9850
21 86 69 -0.3744 0.8371
22 53 28 -0.0746 0.9863
23 85 65 -0.0740 0.9811
24 77 66 0.0739 0.9962
25 88 83 -0.1206 0.6578
26 78 84 0.0270 0.7843
27 90 97 0.2865 0.0988
28 78 100 0.3003 0.2062
29 90 99 0.3176 0.0653
30 79 102 0.3178 0.0786
31 91 102 0.1250 0.0643
32 77 104 0.0979 0.0931
