0 213 67 0.0719 0.9999
1 213 63 0.0217 1.0000
2 212 63 0.0217 1.0000
3 211 63 0.0217 1.0000
4 217 63 0.0587 0.9999
5 218 63 0.0586 0.9999
6 219 63 0.0586 0.9999
7 211 67 -0.1309 0.9999
8 224 68 0.0305 0.9999
9 211 71 0.0245 0.9998
10 215 72 0.0707 0.9998
11 207 95 -0.2199 0.9991
12 237 99 0.1434 0.9998
13 182 117 -0.1024 0.6648
14 219 95 0.4468 0.0315
15 191 93 0.2073 0.5776
16 203 72 0.7272 0.1586
17 190 87 0.2249 0.6234
18 200 66 0.7685 0.2412
19 194 86 0.2016 0.6572
20 199 65 0.7552 0.2604
21 195 87 0.2079 0.6588
22 199 68 0.7269 0.2719
23 187 170 -0.1282 0.9997
24 206 177 0.1278 1.0000
25 133 142 0.0577 0.9778
26 205 229 0.1973 0.9614
27 144 194 0.2018 0.9506
28 212 276 0.0621 0.9768
29 150 204 0.2258 0.9321
30 216 285 0.0520 0.9620
31 125 205 0.3107 0.9247
32 203 290 0.0563 0.9458
