0 207 112 -0.1738 0.9953
1 214 111 -0.2024 0.9968
2 215 112 -0.2024 0.9967
3 215 113 -0.2024 0.9976
4 214 110 -0.1705 0.9960
5 215 110 -0.1706 0.9962
6 215 110 -0.1707 0.9962
7 219 124 -0.2764 0.9946
8 220 120 -0.1320 0.9939
9 205 118 -0.1944 0.9972
10 204 117 -0.1524 0.9958
11 192 143 -0.3435 0.9994
12 215 139 -0.0094 0.9983
13 149 112 -0.3893 0.9634
14 232 99 0.0827 0.1526
15 120 72 -0.3581 0.9275
16 208 67 0.0670 0.2783
17 110 64 -0.4071 0.8806
18 211 60 0.0717 0.2869
19 113 56 -0.3895 0.8835
20 211 60 0.0322 0.2867
21 115 60 -0.3513 0.8264
22 207 63 0.0510 0.2631
23 144 176 -0.1124 0.9961
24 154 168 0.1125 0.9955
25 161 107 -0.1552 0.8802
26 165 105 0.1099 0.2978
27 111 57 -0.0801 0.9346
28 105 62 0.1562 0.4317
29 94 54 -0.0740 0.8913
30 92 59 0.1563 0.4495
31 110 32 -0.1289 0.9216
32 106 37 0.1208 0.5286
