0 84 39 -0.0522 0.9996
1 83 39 -0.0497 0.9995
2 83 39 -0.0496 0.9998
3 82 39 -0.0496 0.9997
4 83 39 -0.0886 0.9997
5 83 39 -0.0886 0.9999
6 83 39 -0.0886 0.9997
7 81 40 -0.0163 0.9998
8 83 40 -0.1928 0.9997
9 83 40 -0.0317 0.9992
10 84 40 -0.0835 0.9986
11 78 45 0.0851 0.9992
12 85 43 -0.2342 0.9999
13 77 42 0.2816 0.2713
14 91 37 -0.2197 0.9972
15 79 39 0.4103 0.4079
16 90 30 -0.1869 0.9980
17 79 39 0.4411 0.4436
18 90 28 -0.2085 0.9974
19 79 38 0.4126 0.4395
20 89 29 -0.2108 0.9972
21 80 39 0.4034 0.4741
22 89 29 -0.1838 0.9951
23 75 61 0.0877 1.0000
24 80 63 -0.0883 1.0000
25 65 65 0.1512 0.9932
26 82 77 -0.1350 0.9997
27 55 62 0.0131 0.9873
28 74 74 -0.0975 0.9934
29 54 62 0.0015 0.9891
30 73 72 -0.0848 0.9960
31 51 62 -0.0116 0.9590
32 68 77 -0.0564 0.9829
