0 136 53 -0.1331 1.0000
1 134 49 -0.1044 1.0000
2 135 49 -0.1045 1.0000
3 136 49 -0.1046 1.0000
4 130 49 -0.1357 1.0000
5 128 49 -0.1359 1.0000
6 126 50 -0.1358 1.0000
7 132 54 0.0508 1.0000
8 117 55 -0.0927 1.0000
9 138 60 -0.0742 1.0000
10 133 61 -0.1158 1.0000
11 131 88 0.1694 0.9994
12 106 84 -0.1626 0.9999
13 140 112 0.1836 0.0959
14 124 90 -0.4398 0.9649
15 140 96 0.1284 0.0449
16 147 53 -0.5695 0.8300
17 141 95 0.1285 0.0471
18 152 42 -0.6012 0.7741
19 137 91 0.1380 0.0480
20 150 41 -0.5818 0.7650
21 136 93 0.1301 0.0512
22 147 44 -0.5634 0.7933
23 126 190 0.1275 0.9991
24 115 183 -0.1270 0.9997
25 185 168 -0.0570 0.2281
26 172 158 -0.2748 0.9812
27 243 175 -0.3168 0.4402
28 250 173 -0.6204 0.9828
29 261 182 -0.3412 0.8199
30 263 181 -0.6532 0.9947
31 262 156 -0.4123 0.6910
32 285 140 -0.7438 0.9837
