0 85 82 0.1886 0.9990
1 84 77 0.1746 0.9988
2 83 77 0.1746 0.9987
3 83 76 0.1745 0.9990
4 85 79 0.1550 0.9992
5 85 79 0.1550 0.9990
6 85 80 0.1549 0.9991
7 79 78 0.1323 0.9982
8 83 81 0.0410 0.9987
9 83 83 0.1813 0.9983
10 83 85 0.1535 0.9982
11 54 87 0.1575 0.9995
12 93 97 -0.0422 0.9999
13 63 53 0.2248 0.8794
14 129 108 -0.0573 0.9943
15 75 20 0.2164 0.9778
16 152 82 0.0288 0.9723
17 77 9 0.2157 0.9658
18 160 75 0.0171 0.9566
19 81 10 0.1889 0.9647
20 156 71 0.0315 0.9546
21 80 14 0.2040 0.9630
22 152 72 0.0381 0.9375
23 92 174 0.1110 0.9996
24 112 162 -0.1117 0.9998
25 145 205 0.1254 0.6258
26 175 176 -0.0762 0.9899
27 191 247 0.1844 0.8099
28 217 231 -0.0446 0.9800
29 196 255 0.1878 0.8415
30 219 242 -0.0409 0.9658
31 205 248 0.1411 0.8397
32 237 234 -0.0804 0.9625
