0 214 146 0.1624 0.9999
1 213 143 0.1451 0.9999
2 212 143 0.1450 0.9999
3 212 142 0.1450 0.9999
4 214 143 0.1323 1.0000
5 214 143 0.1323 1.0000
6 214 143 0.1322 1.0000
7 208 143 0.0912 0.9999
8 212 144 0.0314 1.0000
9 212 148 0.1487 0.9996
10 214 148 0.1307 0.9996
11 191 156 0.0947 0.9998
12 215 155 -0.0409 0.9998
13 170 163 0.1482 0.9951
14 225 152 0.0067 0.9594
15 162 146 0.1514 0.9933
16 232 140 0.1397 0.9100
17 159 143 0.1575 0.9893
18 235 137 0.1530 0.8786
19 161 141 0.1485 0.9889
20 233 135 0.1594 0.8758
21 162 142 0.1499 0.9790
22 232 136 0.1485 0.8191
23 194 203 0.0715 1.0000
24 208 201 -0.0723 1.0000
25 189 238 0.0574 0.9998
26 234 204 -0.0606 0.9998
27 183 277 0.0284 0.9978
28 212 229 0.0360 0.9862
29 182 281 0.0284 0.9990
30 206 231 0.0506 0.9851
31 184 281 0.0344 0.8987
32 217 239 0.1119 0.7439
