0 186 64 0.3394 0.9973
1 188 62 0.3210 0.9985
2 188 62 0.3210 0.9980
3 188 61 0.3211 0.9985
4 189 63 0.3355 0.9982
5 190 63 0.3355 0.9970
6 191 64 0.3354 0.9983
7 189 62 0.2387 0.9976
8 193 66 0.3042 0.9976
9 185 66 0.3112 0.9967
10 187 67 0.3300 0.9971
11 182 68 0.1150 0.9998
12 195 82 0.3146 0.9973
13 157 67 0.0646 0.9589
14 182 85 0.3748 0.0150
15 142 66 0.0965 0.9443
16 162 81 0.3951 0.0681
17 137 63 0.0810 0.9261
18 160 79 0.3994 0.0971
19 138 63 0.0946 0.9172
20 158 78 0.3811 0.1006
21 140 65 0.1028 0.8892
22 157 79 0.3870 0.1151
23 183 108 -0.0664 1.0000
24 194 118 0.0662 1.0000
25 146 91 0.0228 0.9843
26 174 152 0.0510 0.9892
27 128 120 0.1081 0.9878
28 167 189 0.0558 0.9985
29 128 126 0.1196 0.9728
30 168 195 0.0556 0.9977
31 110 121 0.1191 0.9803
32 162 197 0.0118 0.9963
