0 24 75 -1.0033 0.9986
1 17 79 -1.0047 0.9985
2 15 79 -1.0053 0.9980
3 14 79 -1.0063 0.9991
4 24 81 -1.0232 0.9988
5 26 83 -1.0230 0.9981
6 29 85 -1.0230 0.9984
7 13 82 -0.8469 0.9982
8 33 90 -0.9201 0.9950
9 26 72 -0.9250 0.9994
10 31 75 -0.9466 0.9989
11 15 80 -0.5576 0.9997
12 56 79 -0.8316 0.9975
13 24 47 -0.4432 0.6956
14 59 38 -0.8597 0.9196
15 34 15 -0.5409 0.8589
16 59 5 -0.8787 0.8620
17 31 7 -0.5895 0.8026
18 60 -3 -0.9996 0.7530
19 35 6 -0.6657 0.8286
20 55 -2 -0.9968 0.7682
21 39 9 -0.5752 0.8225
22 56 1 -0.8935 0.7377
23 58 83 0.1393 0.9959
24 77 82 -0.1391 0.9971
25 53 54 0.4702 0.0808
26 71 53 0.1244 0.4962
27 75 55 0.9641 0.0970
28 91 55 0.5677 0.5739
29 79 57 1.0217 0.1248
30 95 59 0.6175 0.5430
31 78 44 1.1015 0.1472
32 92 42 0.6611 0.5798
