0 50 24 -0.0706 0.9964
1 49 24 -0.0561 0.9960
2 49 24 -0.0561 0.9959
3 49 24 -0.0562 0.9972
4 49 24 -0.0986 0.9963
5 49 24 -0.0985 0.9960
6 49 24 -0.0986 0.9965
7 48 25 0.0262 0.9957
8 49 26 -0.1627 0.9955
9 51 25 -0.0354 0.9930
10 51 26 -0.0902 0.9934
11 50 30 0.1631 0.9949
12 51 31 -0.2481 0.9973
13 57 31 0.2045 0.1171
14 59 31 -0.2593 0.9540
15 60 27 0.1129 0.3091
16 61 26 -0.1535 0.9684
17 61 26 0.1062 0.3128
18 62 25 -0.1821 0.9560
19 61 25 0.0891 0.3223
20 61 25 -0.1713 0.9524
21 61 26 0.1000 0.3278
22 61 25 -0.1475 0.9268
23 52 44 0.1300 0.9929
24 52 44 -0.1298 0.9909
25 62 50 0.1584 0.1992
26 60 51 -0.1027 0.7980
27 61 60 0.2552 0.2958
28 61 61 0.0034 0.8444
29 60 61 0.2626 0.4177
30 60 63 0.0132 0.8432
31 64 62 0.2237 0.3933
32 64 63 -0.0371 0.8032
