0 60 100 -0.0250 1.0000
1 61 97 -0.0157 1.0000
2 61 96 -0.0157 0.9999
3 61 96 -0.0158 0.9999
4 60 96 -0.0508 1.0000
5 59 96 -0.0508 1.0000
6 59 96 -0.0508 1.0000
7 58 96 0.0496 0.9999
8 56 96 -0.1102 1.0000
9 59 103 0.0065 0.9998
10 59 103 -0.0399 0.9998
11 37 110 0.1240 0.9995
12 58 111 -0.1986 0.9997
13 19 124 0.1548 0.9854
14 64 127 -0.3893 0.9854
15 2 131 0.1791 0.8847
16 75 139 -0.5033 0.9308
17 -3 133 0.1870 0.7769
18 78 142 -0.5356 0.9050
19 -4 133 0.1791 0.7670
20 78 141 -0.5138 0.9045
21 -1 133 0.1765 0.7052
22 77 141 -0.4945 0.8569
23 29 155 0.0978 0.9979
24 39 157 -0.0986 0.9974
25 18 191 0.0994 0.9165
26 30 194 -0.0844 0.9375
27 9 225 0.1450 0.9318
28 21 231 -0.0351 0.9422
29 7 230 0.1447 0.9244
30 15 235 -0.0306 0.9041
31 12 234 0.0816 0.8830
32 26 239 -0.1029 0.9174
