0 93 139 -0.0120 0.9986
1 95 138 0.0175 0.9982
2 96 138 0.0173 0.9978
3 97 138 0.0171 0.9983
4 93 137 0.0103 0.9982
5 92 136 0.0103 0.9976
6 92 136 0.0102 0.9981
7 97 140 0.1744 0.9976
8 91 137 0.1377 0.9965
9 94 142 0.0484 0.9957
10 92 141 0.0376 0.9956
11 94 155 0.2248 0.9980
12 84 149 0.1692 0.9975
13 96 172 0.2214 0.4094
14 78 160 0.0688 0.3880
15 93 184 0.1115 0.2254
16 80 169 -0.1141 0.3062
17 91 190 0.0739 0.2100
18 81 172 -0.1564 0.3231
19 91 188 0.0529 0.2202
20 81 171 -0.1720 0.3339
21 91 186 0.0982 0.2300
22 81 170 -0.1250 0.3237
23 88 185 0.0145 0.9972
24 76 183 -0.0141 0.9979
25 87 215 -0.1396 0.4458
26 71 214 -0.1364 0.4139
27 79 240 0.0103 0.3047
28 62 244 -0.0317 0.5361
29 77 243 0.0189 0.2734
30 62 248 -0.0277 0.3080
31 81 251 -0.1227 0.3210
32 58 252 -0.1996 0.4159
