0 147 111 0.4273 1.0000
1 147 109 0.3963 1.0000
2 146 110 0.3963 1.0000
3 145 110 0.3963 1.0000
4 149 109 0.4114 1.0000
5 150 109 0.4114 1.0000
6 151 109 0.4113 1.0000
7 146 111 0.2563 1.0000
8 155 111 0.3248 1.0000
9 147 113 0.3802 0.9998
10 149 114 0.3991 0.9998
11 139 121 0.1137 1.0000
12 168 124 0.2889 0.9999
13 120 105 -0.0235 0.9861
14 189 130 0.3886 0.9416
15 109 90 -0.0656 0.9947
16 186 117 0.5486 0.8910
17 104 85 -0.0802 0.9915
18 187 113 0.5754 0.8753
19 105 83 -0.0703 0.9911
20 184 112 0.5723 0.8651
21 107 85 -0.0595 0.9837
22 183 114 0.5539 0.8569
23 156 175 -0.0712 1.0000
24 172 172 0.0703 1.0000
25 130 198 0.0648 0.9995
26 199 198 0.1647 0.9978
27 150 227 -0.2076 0.9974
28 222 224 -0.2854 0.9966
29 157 229 -0.2302 0.9991
30 224 229 -0.3299 0.9985
31 144 240 -0.2202 0.9916
32 225 233 -0.3649 0.9886
