0 287 99 -0.6858 1.0000
1 289 94 -0.6818 1.0000
2 291 93 -0.6818 1.0000
3 293 92 -0.6819 1.0000
4 284 95 -0.6865 1.0000
5 282 94 -0.6865 1.0000
6 280 94 -0.6866 1.0000
7 296 87 -0.5555 1.0000
8 276 90 -0.5776 1.0000
9 289 102 -0.6300 1.0000
10 285 102 -0.6364 1.0000
11 307 95 -0.3747 1.0000
12 262 97 -0.4250 1.0000
13 326 111 -0.2624 0.9916
14 238 119 -0.4531 0.9994
15 336 132 -0.2689 0.9669
16 231 149 -0.5422 0.9924
17 343 135 -0.2755 0.9297
18 228 158 -0.5684 0.9712
19 341 137 -0.3082 0.9447
20 233 158 -0.6006 0.9753
21 337 136 -0.2798 0.9371
22 235 156 -0.5550 0.9672
23 299 140 -0.0045 0.9999
24 275 143 0.0045 0.9990
25 291 172 -0.2715 0.9367
26 275 182 -0.0294 0.8097
27 277 210 -0.0611 0.9443
28 289 206 0.3009 0.6944
29 272 215 -0.0489 0.8392
30 293 209 0.3255 0.5645
31 276 222 -0.2085 0.9385
32 285 222 0.1948 0.7202
