0 108 61 -0.1305 0.9997
1 108 59 -0.1546 0.9999
2 108 60 -0.1546 0.9998
3 108 60 -0.1547 0.9999
4 108 58 -0.1313 0.9997
5 109 58 -0.1313 0.9996
6 109 57 -0.1313 0.9996
7 114 61 -0.2151 0.9997
8 115 58 -0.1068 0.9995
9 111 64 -0.1454 0.9997
10 111 62 -0.1143 0.9995
11 121 78 -0.2436 0.9999
12 132 60 -0.0295 0.9992
13 111 97 -0.3088 0.9814
14 119 56 0.1081 0.3485
15 91 84 -0.3549 0.9698
16 103 46 0.1599 0.6414
17 88 82 -0.4008 0.9600
18 101 40 0.1594 0.5945
19 89 78 -0.3975 0.9605
20 100 41 0.1320 0.6046
21 89 79 -0.3557 0.9367
22 99 44 0.1490 0.6029
23 130 124 -0.0926 0.9999
24 139 115 0.0925 0.9997
25 100 142 0.0864 0.9803
26 123 129 0.3680 0.2830
27 103 174 0.2895 0.9655
28 125 155 0.6373 0.3796
29 107 178 0.3113 0.9378
30 129 159 0.6659 0.4850
31 90 177 0.2883 0.9601
32 115 161 0.6719 0.5615
