0 141 89 -0.3379 1.0000
1 143 85 -0.3176 1.0000
2 145 86 -0.3175 1.0000
3 146 86 -0.3176 1.0000
4 140 85 -0.3123 1.0000
5 139 85 -0.3124 1.0000
6 138 84 -0.3124 1.0000
7 148 87 -0.1530 0.9999
8 137 85 -0.1303 0.9999
9 143 94 -0.2702 1.0000
10 139 93 -0.2634 0.9999
11 158 113 -0.0512 1.0000
12 123 95 -0.0683 0.9998
13 159 144 0.0240 0.9910
14 108 74 -0.2829 0.9963
15 155 176 0.0429 0.9650
16 96 51 -0.5697 0.9933
17 156 185 0.0554 0.9166
18 91 44 -0.6267 0.9759
19 154 184 0.0166 0.9268
20 93 44 -0.6461 0.9769
21 153 182 0.0279 0.9312
22 95 47 -0.5919 0.9769
23 116 163 -0.0671 0.9999
24 102 153 0.0671 0.9995
25 80 192 -0.2302 0.9572
26 86 181 0.3264 0.4372
27 47 228 -0.3230 0.9773
28 85 207 0.6588 0.4866
29 45 235 -0.3377 0.9431
30 87 211 0.6902 0.5283
31 27 236 -0.5320 0.9676
32 75 217 0.6067 0.6525
