0 273 74 -0.1766 0.9994
1 275 66 -0.1924 0.9995
2 277 66 -0.1926 0.9995
3 283 64 -0.1929 0.9996
4 271 67 -0.1523 0.9992
5 271 67 -0.1521 0.9986
6 269 68 -0.1522 0.9987
7 292 65 -0.1904 0.9999
8 272 71 -0.0097 0.9991
9 280 80 -0.1699 0.9999
10 274 82 -0.1178 0.9997
11 322 101 -0.2477 1.0000
12 277 106 0.1623 0.9986
13 351 154 -0.2704 0.9960
14 277 150 0.3078 0.1741
15 321 195 -0.2339 0.9804
16 273 177 0.2762 0.1878
17 296 205 -0.2745 0.9514
18 272 187 0.2848 0.1869
19 288 200 -0.2607 0.9526
20 272 184 0.2479 0.2006
21 291 196 -0.2228 0.9395
22 274 180 0.2591 0.2254
23 319 199 -0.1022 0.9991
24 298 198 0.1027 0.9980
25 310 275 -0.2072 0.5247
26 292 264 0.1028 0.2806
27 320 315 0.1190 0.0442
28 306 312 0.3288 0.0471
29 324 318 0.1512 0.1321
30 312 318 0.3507 0.0918
31 317 343 0.1028 0.0385
32 297 337 0.2911 0.0369
