0 69 48 -0.4657 0.9812
1 71 46 -0.5105 0.9848
2 71 46 -0.5105 0.9823
3 71 47 -0.5108 0.9866
4 71 46 -0.4416 0.9749
5 71 46 -0.4418 0.9696
6 72 46 -0.4422 0.9778
7 75 48 -0.5772 0.9842
8 74 47 -0.2743 0.9781
9 70 50 -0.4789 0.9925
10 70 50 -0.3922 0.9877
11 82 62 -0.6099 0.9936
12 71 54 -0.0605 0.9976
13 77 77 -0.6646 0.9807
14 58 52 0.1470 0.9297
15 62 69 -0.6907 0.9911
16 45 52 0.0591 0.9869
17 57 69 -0.7665 0.9791
18 41 52 0.0422 0.9693
19 58 67 -0.7497 0.9798
20 41 52 -0.0264 0.9746
21 59 67 -0.6808 0.9693
22 42 52 0.0228 0.9769
23 75 87 -0.1350 0.9302
24 70 82 0.1351 0.9628
25 73 103 0.1419 0.2593
26 65 101 0.4529 0.1478
27 73 120 0.6636 0.0159
28 66 118 0.8981 0.0130
29 74 123 0.7125 0.0256
30 67 121 0.9411 0.0175
31 71 123 0.5676 0.0116
32 64 122 0.8009 0.0122
