0 257 89 -0.2278 0.9991
1 262 87 -0.2680 0.9996
2 262 87 -0.2680 0.9997
3 261 87 -0.2680 0.9998
4 263 86 -0.2306 0.9995
5 264 87 -0.2307 0.9994
6 264 87 -0.2309 0.9995
7 263 93 -0.3616 0.9995
8 268 92 -0.1951 0.9995
9 254 94 -0.2526 0.9994
10 255 94 -0.2045 0.9989
11 240 116 -0.4108 0.9999
12 269 118 -0.0437 0.9987
13 197 103 -0.4491 0.9985
14 256 116 0.1996 0.0506
15 165 71 -0.4035 0.9945
16 236 96 0.3656 0.1781
17 156 61 -0.4518 0.9907
18 235 90 0.3898 0.2261
19 159 57 -0.4448 0.9914
20 235 88 0.3579 0.2331
21 162 61 -0.3981 0.9805
22 233 91 0.3583 0.2083
23 204 176 -0.1237 0.9999
24 214 170 0.1236 0.9993
25 171 132 -0.1919 0.9792
26 179 161 0.5552 0.3594
27 112 171 -0.1906 0.9926
28 167 186 0.8767 0.5343
29 102 183 -0.1876 0.9860
30 167 199 0.9127 0.6177
31 97 149 -0.2544 0.9897
32 154 185 0.9465 0.7051
