0 212 102 -0.0009 0.9999
1 212 99 0.0060 0.9999
2 211 99 0.0060 0.9998
3 211 98 0.0060 0.9999
4 212 99 -0.0212 0.9999
5 212 99 -0.0212 0.9999
6 212 99 -0.0212 0.9999
7 208 98 0.0463 0.9998
8 209 99 -0.0774 0.9999
9 210 103 0.0188 0.9997
10 211 104 -0.0174 0.9998
11 198 108 0.1330 0.9974
12 202 106 -0.1440 0.9998
13 211 109 0.2389 0.0934
14 219 105 -0.2396 0.9917
15 224 114 0.2615 0.2169
16 234 103 -0.2505 0.9731
17 228 109 0.2785 0.2633
18 238 102 -0.2791 0.9609
19 228 113 0.2552 0.2776
20 237 101 -0.2625 0.9543
21 227 114 0.2522 0.3129
22 236 101 -0.2437 0.9275
23 184 144 0.0878 0.9998
24 189 144 -0.0880 0.9998
25 173 164 0.1581 0.8863
26 203 162 -0.0132 0.9965
27 161 185 0.2374 0.9395
28 202 189 0.0543 0.9971
29 158 190 0.2453 0.9581
30 198 197 0.0598 0.9955
31 166 190 0.2323 0.9024
32 214 195 0.0339 0.9899
