0 46 151 -0.0952 0.9999
1 45 149 -0.1344 0.9998
2 44 149 -0.1344 0.9999
3 43 149 -0.1343 0.9998
4 47 149 -0.1372 0.9998
5 47 149 -0.1372 0.9998
6 48 149 -0.1372 0.9998
7 42 151 -0.2563 0.9999
8 50 151 -0.2719 0.9998
9 45 153 -0.1277 0.9998
10 47 153 -0.1326 0.9998
11 35 160 -0.2725 0.9999
12 56 160 -0.2655 0.9999
13 29 143 -0.2818 0.9644
14 62 144 -0.2734 0.9965
15 26 124 -0.3235 0.9754
16 66 126 -0.2933 0.9981
17 24 120 -0.3386 0.9691
18 69 120 -0.3053 0.9976
19 27 120 -0.3378 0.9660
20 66 120 -0.2972 0.9974
21 29 121 -0.3215 0.9588
22 64 122 -0.2894 0.9953
23 40 197 -0.0107 1.0000
24 53 197 0.0096 1.0000
25 39 218 0.0542 0.8999
26 52 217 0.1465 0.8421
27 40 227 -0.2423 0.9472
28 49 224 -0.2507 0.9606
29 41 228 -0.2671 0.9873
30 49 223 -0.2865 0.9881
31 42 238 -0.3154 0.9523
32 46 237 -0.3405 0.9723
