0 133 118 -0.7957 1.0000
1 137 118 -0.8350 1.0000
2 137 120 -0.8349 1.0000
3 137 121 -0.8352 1.0000
4 137 116 -0.8005 1.0000
5 138 115 -0.8009 1.0000
6 139 115 -0.8010 1.0000
7 139 126 -0.8633 1.0000
8 141 119 -0.7044 1.0000
9 131 122 -0.7887 1.0000
10 132 119 -0.7427 1.0000
11 123 140 -0.8266 0.9999
12 146 126 -0.5373 0.9999
13 101 137 -1.0166 0.9980
14 153 105 -0.5835 0.9603
15 106 114 -1.1919 0.9866
16 146 83 -0.8161 0.9773
17 105 107 -1.3136 0.9685
18 143 76 -0.8942 0.9583
19 109 106 -1.3018 0.9677
20 142 77 -0.9431 0.9601
21 110 108 -1.2012 0.9592
22 142 80 -0.8462 0.9633
23 100 169 -0.1454 1.0000
24 113 159 0.1450 0.9997
25 68 166 -0.2535 0.9985
26 108 147 0.2819 0.3412
27 47 189 0.1702 0.9860
28 101 139 0.8085 0.5488
29 48 193 0.2118 0.9621
30 98 139 0.8610 0.5919
31 23 196 0.1424 0.9807
32 99 131 0.8386 0.7772
