0 149 73 -0.3786 0.9989
1 150 68 -0.3583 0.9991
2 151 68 -0.3585 0.9988
3 151 68 -0.3587 0.9993
4 148 68 -0.4016 0.9992
5 146 67 -0.4017 0.9989
6 145 67 -0.4018 0.9993
7 146 67 -0.2307 0.9987
8 138 65 -0.4226 0.9989
9 147 76 -0.3244 0.9990
10 144 76 -0.3801 0.9993
11 135 79 -0.0432 0.9995
12 118 82 -0.4487 0.9987
13 132 105 0.0715 0.5839
14 102 117 -0.4541 0.9825
15 152 125 -0.0373 0.7602
16 130 133 -0.4150 0.9664
17 157 132 -0.0586 0.7339
18 136 137 -0.4685 0.9471
19 158 131 -0.1088 0.7514
20 139 135 -0.4733 0.9462
21 155 131 -0.0626 0.7597
22 137 133 -0.4163 0.9141
23 89 113 0.1329 0.9922
24 80 117 -0.1326 0.9881
25 106 147 0.1201 0.1871
26 105 158 -0.1522 0.7994
27 93 178 0.3412 0.0981
28 93 203 0.0465 0.6171
29 88 181 0.3606 0.1544
30 88 208 0.0653 0.5929
31 105 189 0.3113 0.1393
32 108 217 -0.0135 0.5608
