0 266 108 0.1521 0.9853
1 266 106 0.1399 0.9934
2 266 105 0.1399 0.9933
3 266 105 0.1399 0.9961
4 266 106 0.1546 0.9894
5 267 106 0.1547 0.9847
6 267 106 0.1547 0.9888
7 269 105 0.0941 0.9965
8 270 106 0.1620 0.9824
9 267 109 0.1369 0.9850
10 267 109 0.1567 0.9780
11 271 107 0.0233 1.0000
12 279 116 0.1865 0.9993
13 254 111 -0.0418 0.8571
14 277 127 0.1831 0.0565
15 253 116 -0.0537 0.5175
16 277 132 0.1518 0.0977
17 252 117 -0.0685 0.5813
18 278 134 0.1530 0.1321
19 252 117 -0.0569 0.5487
20 277 132 0.1508 0.1235
21 252 117 -0.0492 0.4430
22 276 131 0.1496 0.0986
23 265 136 -0.0592 0.9999
24 271 142 0.0592 0.9996
25 240 143 -0.0690 0.9708
26 248 151 0.0868 0.5142
27 221 159 -0.0488 0.9449
28 233 172 0.1172 0.6404
29 220 164 -0.0439 0.9104
30 234 177 0.1195 0.6554
31 208 160 -0.0484 0.9352
32 223 173 0.1057 0.5593
