0 131 118 -0.3267 1.0000
1 133 115 -0.3223 1.0000
2 134 115 -0.3224 1.0000
3 136 115 -0.3226 1.0000
4 130 115 -0.2941 1.0000
5 129 115 -0.2940 1.0000
6 129 115 -0.2939 1.0000
7 138 116 -0.2453 1.0000
8 130 115 -0.1207 1.0000
9 133 121 -0.2913 1.0000
10 130 120 -0.2556 1.0000
11 136 130 -0.3148 1.0000
12 136 128 0.1209 0.9999
13 136 150 -0.3385 0.9904
14 134 148 0.1883 0.0246
15 131 166 -0.2831 0.9823
16 130 163 0.0882 0.0476
17 130 172 -0.3165 0.9686
18 127 170 0.0813 0.0601
19 128 171 -0.3193 0.9679
20 127 170 0.0451 0.0633
21 129 169 -0.2801 0.9491
22 129 167 0.0692 0.0709
23 138 166 -0.1346 0.9997
24 140 166 0.1344 0.9997
25 126 188 -0.0022 0.9377
26 146 189 0.1169 0.7741
27 122 212 0.1614 0.9701
28 160 210 0.2194 0.9064
29 134 214 0.1737 0.9192
30 162 218 0.2254 0.8988
31 119 216 0.0975 0.9567
32 152 220 0.1603 0.8982
