0 396 99 0.2729 0.9998
1 401 103 0.3022 0.9997
2 401 106 0.3021 0.9998
3 401 108 0.3021 0.9997
4 400 98 0.3165 0.9998
5 399 97 0.3164 0.9998
6 398 97 0.3161 0.9999
7 396 111 0.3965 0.9996
8 392 100 0.4659 0.9997
9 388 108 0.3002 0.9995
10 386 100 0.3205 0.9994
11 372 145 0.3042 0.9999
12 323 99 0.4820 0.9999
13 352 183 0.0129 0.6275
14 254 92 0.4681 0.6555
15 316 177 -0.4040 0.2382
16 208 43 0.3448 0.6656
17 305 187 -0.4614 0.2665
18 195 34 0.3233 0.5987
19 308 183 -0.4858 0.2733
20 198 34 0.2668 0.6306
21 309 181 -0.4234 0.2595
22 202 37 0.3164 0.6289
23 270 167 -0.0748 1.0000
24 245 132 0.0745 0.9999
25 233 168 -0.6049 0.9793
26 150 106 -0.2808 0.9326
27 128 226 -0.7537 0.9750
28 39 90 -0.4890 0.9620
29 117 233 -0.7686 0.8577
30 21 99 -0.5199 0.8817
31 95 234 -0.9674 0.9758
32 26 37 -0.7170 0.9496
