0 93 40 -0.0153 1.0000
1 96 41 -0.0329 1.0000
2 96 41 -0.0329 1.0000
3 96 41 -0.0328 1.0000
4 95 40 0.0095 1.0000
5 95 40 0.0093 1.0000
6 95 40 0.0093 1.0000
7 97 45 -0.0749 0.9999
8 96 43 0.1158 1.0000
9 93 43 -0.0292 0.9999
10 92 43 0.0266 0.9999
11 94 55 -0.1942 0.9994
12 89 55 0.2429 0.9987
13 84 36 -0.3368 0.9806
14 77 39 0.2992 0.5525
15 82 15 -0.3222 0.9816
16 68 27 0.1501 0.6011
17 82 11 -0.3830 0.9696
18 65 24 0.1542 0.5730
19 83 10 -0.3464 0.9657
20 65 24 0.0992 0.5807
21 83 12 -0.3112 0.9535
22 66 24 0.1214 0.6056
23 82 86 -0.1513 0.9985
24 80 84 0.1513 0.9979
25 62 61 -0.1889 0.9920
26 67 52 0.1778 0.5210
27 35 65 -0.1132 0.9848
28 41 41 0.2114 0.6261
29 33 66 -0.1121 0.9697
30 38 44 0.2063 0.6118
31 29 47 -0.2043 0.9746
32 33 31 0.1435 0.7045
