0 137 60 -1.1018 1.0000
1 149 53 -1.1003 1.0000
2 153 55 -1.1002 1.0000
3 157 57 -1.1002 1.0000
4 138 47 -1.0725 1.0000
5 134 46 -1.0723 0.9999
6 130 45 -1.0719 0.9999
7 164 65 -0.9092 0.9999
8 125 48 -0.7824 0.9999
9 142 76 -1.0082 0.9997
10 126 68 -0.9710 0.9994
11 155 97 -0.8912 0.9998
12 116 68 -0.4151 0.9993
13 110 112 -1.1370 0.9825
14 150 97 -0.4219 0.8873
15 79 67 -1.3713 0.9824
16 216 85 -0.7245 0.9357
17 71 52 -1.5027 0.9650
18 209 77 -0.8329 0.8932
19 78 47 -1.4812 0.9654
20 226 74 -0.8303 0.8934
21 80 53 -1.3705 0.9521
22 223 77 -0.7383 0.8604
23 112 192 -0.1769 0.9991
24 93 172 0.1769 0.9978
25 85 154 0.1935 0.8410
26 57 137 0.8743 0.4263
27 64 175 0.6857 0.6408
28 38 158 1.3416 0.3807
29 64 186 0.7353 0.5436
30 42 166 1.3844 0.4484
31 33 165 0.6945 0.6884
32 16 147 1.4325 0.4878
