0 210 118 -0.8591 0.9963
1 214 117 -0.9092 0.9974
2 213 118 -0.9092 0.9975
3 212 119 -0.9095 0.9970
4 219 117 -0.8830 0.9941
5 221 118 -0.8835 0.9953
6 223 118 -0.8842 0.9948
7 209 127 -0.9868 0.9955
8 225 127 -0.8727 0.9908
9 204 124 -0.8712 0.9980
10 209 123 -0.8363 0.9978
11 170 161 -0.9123 0.9996
12 231 146 -0.7364 0.9992
13 106 131 -0.9607 0.9847
14 201 134 -0.6782 0.6612
15 43 97 -1.0403 0.9801
16 195 78 -0.7811 0.8581
17 32 87 -1.1609 0.9627
18 196 66 -0.8259 0.8559
19 38 83 -1.1704 0.9658
20 193 57 -0.9226 0.8870
21 42 85 -1.0541 0.9533
22 190 63 -0.8198 0.8882
23 126 177 -0.0734 1.0000
24 168 166 0.0726 0.9999
25 90 184 0.3050 0.9807
26 208 141 0.2258 0.3432
27 46 230 0.7990 0.9526
28 212 120 0.5892 0.3017
29 45 242 0.8493 0.8743
30 207 121 0.6346 0.4577
31 20 210 0.7922 0.9243
32 228 101 0.6348 0.4280
