0 25 34 -1.2229 0.9993
1 26 32 -1.2560 0.9992
2 26 33 -1.2554 0.9990
3 30 34 -1.2548 0.9992
4 26 33 -1.2640 0.9989
5 26 34 -1.2636 0.9986
6 25 34 -1.2629 0.9983
7 30 38 -1.1035 0.9988
8 24 38 -1.1568 0.9975
9 25 38 -1.1252 0.9960
10 25 39 -1.1424 0.9930
11 23 55 -0.8472 0.9857
12 28 60 -0.8637 0.9126
13 31 65 -0.9197 0.7589
14 48 67 -0.9297 0.2640
15 31 57 -1.2281 0.7806
16 54 58 -1.1313 0.3366
17 30 56 -1.3343 0.7359
18 56 58 -1.2717 0.3808
19 31 54 -1.3691 0.7458
20 54 56 -1.3267 0.3951
21 31 55 -1.2479 0.7319
22 53 57 -1.1680 0.3540
23 17 115 -0.0383 0.1076
24 15 117 0.0399 0.0679
25 39 77 0.2110 0.0628
26 27 83 0.2864 0.0849
27 35 75 1.0861 0.0278
28 37 74 1.0007 0.0417
29 33 79 1.1585 0.0278
30 37 75 1.0657 0.0557
31 38 64 0.9428 0.0534
32 43 65 0.9269 0.0695
