0 88 60 -0.0045 0.9991
1 87 56 0.0176 0.9985
2 87 56 0.0175 0.9981
3 87 56 0.0174 0.9987
4 86 56 -0.0299 0.9989
5 85 56 -0.0300 0.9990
6 84 56 -0.0301 0.9993
7 83 57 0.1206 0.9972
8 80 57 -0.0924 0.9995
9 87 63 0.0377 0.9975
10 85 63 -0.0239 0.9991
11 78 75 0.2764 0.9965
12 68 71 -0.2222 0.9999
13 76 99 0.3480 0.0152
14 61 96 -0.3422 0.9739
15 84 112 0.2774 0.0132
16 81 102 -0.3823 0.8792
17 86 117 0.2748 0.0219
18 86 105 -0.4236 0.8450
19 87 115 0.2470 0.0222
20 88 101 -0.4050 0.8344
21 86 113 0.2607 0.0248
22 86 101 -0.3728 0.7801
23 72 127 0.1657 0.9957
24 72 125 -0.1657 0.9970
25 84 161 0.1463 0.4069
26 91 163 -0.2023 0.9799
27 65 191 0.2633 0.8263
28 76 196 -0.0877 0.9881
29 58 194 0.2673 0.8314
30 69 199 -0.0776 0.9645
31 73 207 0.1991 0.8542
32 86 213 -0.1518 0.9801
