0 124 187 -0.2691 0.9999
1 119 188 -0.3077 1.0000
2 119 187 -0.3077 1.0000
3 119 186 -0.3079 1.0000
4 118 190 -0.2685 0.9999
5 117 190 -0.2686 0.9999
6 116 190 -0.2687 0.9999
7 117 177 -0.3962 0.9999
8 114 184 -0.2206 1.0000
9 127 181 -0.2916 0.9999
10 126 183 -0.2409 0.9999
11 144 154 -0.4051 0.9999
12 122 158 -0.0995 0.9992
13 187 167 -0.4502 0.9931
14 149 152 0.1435 0.0891
15 174 210 -0.4524 0.9943
16 147 162 0.3291 0.1173
17 171 222 -0.4972 0.9906
18 140 163 0.3504 0.1351
19 165 221 -0.4845 0.9912
20 143 177 0.3320 0.1313
21 165 218 -0.4477 0.9829
22 147 175 0.3273 0.1326
23 200 117 -0.1092 0.9999
24 189 133 0.1095 0.9986
25 258 127 -0.0054 0.9924
26 230 134 0.2974 0.6248
27 274 88 0.1776 0.9885
28 227 110 0.6331 0.3833
29 272 81 0.2002 0.9705
30 227 100 0.6720 0.4044
31 300 87 0.1831 0.9785
32 242 105 0.7140 0.5598
