0 283 142 -0.5970 1.0000
1 292 147 -0.6122 1.0000
2 292 151 -0.6121 1.0000
3 292 156 -0.6125 1.0000
4 293 138 -0.5808 1.0000
5 293 135 -0.5809 1.0000
6 294 132 -0.5809 1.0000
7 291 166 -0.5741 1.0000
8 293 134 -0.4219 1.0000
9 273 150 -0.5716 1.0000
10 275 139 -0.5277 1.0000
11 237 188 -0.4625 1.0000
12 269 140 -0.2535 1.0000
13 170 207 -0.5944 0.8118
14 253 97 -0.1349 0.8340
15 184 243 -0.7714 0.7524
16 281 85 0.0571 0.6276
17 184 253 -0.7960 0.6752
18 274 77 0.1275 0.4174
19 189 252 -0.8083 0.6624
20 272 79 0.1064 0.3771
21 189 246 -0.7788 0.6572
22 273 83 0.0584 0.4475
23 161 151 -0.0712 1.0000
24 192 136 0.0713 1.0000
25 76 113 -0.2291 0.9974
26 225 72 0.1968 0.8942
27 126 131 0.2207 0.7046
28 260 31 0.1944 0.9009
29 137 133 0.2803 0.7997
30 268 25 0.2003 0.7890
31 120 141 0.3849 0.5582
32 283 13 0.2130 0.7889
