0 191 73 0.3361 0.9486
1 188 66 0.2938 0.9708
2 186 66 0.2937 0.9744
3 184 67 0.2936 0.9777
4 194 65 0.2951 0.9602
5 196 65 0.2951 0.9603
6 198 64 0.2949 0.9603
7 182 70 0.1317 0.9870
8 202 66 0.1387 0.9725
9 189 79 0.2849 0.9267
10 194 78 0.2869 0.8966
11 159 101 0.0517 0.9987
12 232 104 0.0326 0.9991
13 100 122 0.0458 0.9941
14 288 141 -0.0697 0.9980
15 85 179 0.1527 0.9221
16 344 147 -0.1558 0.9713
17 79 188 0.1451 0.8334
18 358 156 -0.1787 0.9372
19 82 189 0.1590 0.8212
20 357 153 -0.1572 0.9333
21 86 187 0.1644 0.7344
22 352 149 -0.1461 0.9057
23 187 216 -0.0023 0.9764
24 232 216 0.0017 0.9811
25 148 271 -0.0010 0.6613
26 245 298 0.0781 0.4810
27 177 361 0.0362 0.2523
28 227 369 0.0399 0.2195
29 184 367 0.0378 0.3331
30 223 378 0.0373 0.3564
31 181 377 0.0352 0.1714
32 232 386 0.0061 0.1544
