0 243 84 0.0869 0.9998
1 248 82 0.0744 0.9998
2 249 83 0.0744 0.9998
3 251 83 0.0744 0.9999
4 246 81 0.1072 0.9998
5 246 81 0.1072 0.9998
6 247 81 0.1071 0.9999
7 258 87 0.0430 0.9997
8 251 84 0.1966 0.9998
9 245 89 0.0794 0.9995
10 242 88 0.1241 0.9993
11 263 107 -0.0484 0.9999
12 238 99 0.2687 0.9997
13 239 82 -0.1492 0.9849
14 216 81 0.2774 0.6022
15 225 45 -0.1670 0.9710
16 206 49 0.1544 0.8089
17 221 37 -0.2003 0.9558
18 201 43 0.1511 0.7501
19 221 35 -0.1762 0.9501
20 202 43 0.1274 0.7511
21 221 38 -0.1570 0.9254
22 204 44 0.1403 0.7250
23 201 134 -0.1090 0.9991
24 197 126 0.1093 0.9987
25 164 91 -0.2472 0.9606
26 162 87 -0.0163 0.5773
27 115 54 -0.3484 0.9412
28 117 55 -0.1125 0.5099
29 103 51 -0.3582 0.9487
30 106 52 -0.1219 0.5797
31 117 24 -0.4463 0.9486
32 119 27 -0.1993 0.6596
