0 115 199 -0.2824 0.9998
1 110 202 -0.2599 0.9996
2 110 202 -0.2600 0.9994
3 110 202 -0.2601 0.9996
4 111 204 -0.2992 0.9998
5 112 205 -0.2993 0.9998
6 113 206 -0.2994 0.9999
7 114 207 -0.1335 0.9990
8 117 213 -0.3115 0.9998
9 119 198 -0.2294 0.9990
10 121 200 -0.2815 0.9996
11 133 201 0.0334 0.9978
12 142 205 -0.3913 0.9998
13 105 183 0.1238 0.5070
14 136 169 -0.5005 0.9982
15 72 184 0.0264 0.6969
16 116 127 -0.4876 0.9870
17 62 180 0.0094 0.6880
18 112 115 -0.5379 0.9726
19 60 181 -0.0233 0.6839
20 108 115 -0.5238 0.9705
21 65 182 0.0059 0.6871
22 110 121 -0.4811 0.9500
23 193 161 0.1503 0.9983
24 202 164 -0.1504 0.9986
25 197 105 0.1683 0.7247
26 197 104 -0.1484 0.9944
27 243 74 0.2823 0.8232
28 234 69 -0.0247 0.9947
29 254 73 0.2889 0.7866
30 243 67 -0.0154 0.9787
31 222 43 0.2472 0.8817
32 218 37 -0.0732 0.9909
