0 103 63 -1.4446 0.9986
1 116 54 -1.4335 0.9984
2 121 55 -1.4334 0.9982
3 126 57 -1.4336 0.9984
4 103 49 -1.4131 0.9981
5 98 48 -1.4129 0.9973
6 93 46 -1.4129 0.9974
7 134 62 -1.1191 0.9970
8 89 47 -1.0440 0.9941
9 107 77 -1.3020 0.9952
10 91 71 -1.2783 0.9928
11 129 97 -1.0527 0.9952
12 68 65 -0.5967 0.9897
13 103 125 -1.3843 0.9797
14 43 83 -0.7018 0.5932
15 47 69 -1.6764 0.9819
16 42 60 -1.3085 0.8708
17 40 56 -1.8337 0.9601
18 35 48 -1.4789 0.8379
19 45 50 -1.7713 0.9613
20 43 46 -1.4735 0.8462
21 47 55 -1.6593 0.9543
22 47 52 -1.3357 0.8490
23 80 191 -0.1108 0.9654
24 47 169 0.1113 0.9526
25 55 203 0.7556 0.3421
26 17 183 0.9000 0.1800
27 39 225 1.6586 0.1477
28 3 214 1.7336 0.1169
29 39 229 1.7461 0.1775
30 8 221 1.8186 0.1746
31 18 241 1.6804 0.1306
32 -24 232 1.7376 0.1001
