0 102 187 -0.3510 0.9998
1 97 187 -0.3896 0.9999
2 97 186 -0.3895 0.9999
3 96 185 -0.3897 1.0000
4 97 189 -0.3446 0.9998
5 96 190 -0.3447 0.9998
6 96 190 -0.3448 0.9999
7 93 176 -0.4708 0.9999
8 93 183 -0.2700 0.9999
9 105 180 -0.3708 0.9999
10 105 183 -0.3131 0.9997
11 119 151 -0.4929 0.9999
12 98 157 -0.1241 0.9988
13 163 167 -0.5410 0.9904
14 133 151 0.0996 0.0495
15 151 210 -0.5375 0.9939
16 144 157 0.2153 0.0654
17 148 221 -0.5895 0.9918
18 140 157 0.2303 0.0911
19 141 222 -0.5703 0.9921
20 139 159 0.1981 0.0906
21 141 218 -0.5297 0.9839
22 142 159 0.2058 0.0959
23 173 116 -0.1305 0.9999
24 165 133 0.1306 0.9989
25 235 129 -0.1114 0.9947
26 223 142 0.2267 0.6759
27 250 86 0.1532 0.9790
28 198 109 0.6448 0.2528
29 249 78 0.1844 0.9378
30 192 103 0.6949 0.3335
31 275 85 0.1774 0.9601
32 215 100 0.7576 0.3480
