0 255 82 -0.0174 1.0000
1 262 80 -0.0367 1.0000
2 264 80 -0.0366 1.0000
3 265 81 -0.0365 1.0000
4 261 79 0.0142 1.0000
5 262 78 0.0141 1.0000
6 262 78 0.0141 1.0000
7 272 88 -0.0703 1.0000
8 269 85 0.1618 1.0000
9 255 90 -0.0290 1.0000
10 254 88 0.0387 0.9999
11 276 131 -0.1130 1.0000
12 246 109 0.2767 0.9999
13 292 179 -0.3171 0.9988
14 210 93 0.3705 0.9759
15 319 193 -0.5730 0.9988
16 196 63 0.2524 0.9920
17 331 188 -0.6254 0.9954
18 194 51 0.2484 0.9772
19 331 185 -0.6398 0.9958
20 196 49 0.2144 0.9791
21 327 187 -0.5873 0.9949
22 196 54 0.2311 0.9781
23 206 184 -0.1664 0.9998
24 200 171 0.1664 0.9998
25 142 134 -0.2910 0.9914
26 141 115 0.0996 0.9313
27 76 182 -0.2266 0.9876
28 75 126 0.1142 0.8682
29 77 194 -0.2195 0.9771
30 72 144 0.1106 0.8619
31 46 173 -0.3168 0.9828
32 41 136 0.0279 0.9026
