0 139 56 -0.3530 0.9999
1 136 51 -0.3704 0.9998
2 136 49 -0.3703 0.9998
3 137 48 -0.3703 0.9999
4 135 53 -0.3428 0.9999
5 134 53 -0.3431 0.9999
6 134 53 -0.3432 0.9999
7 143 40 -0.3715 0.9997
8 137 47 -0.2465 0.9999
9 147 54 -0.3461 0.9999
10 145 57 -0.3093 0.9999
11 177 41 -0.3949 0.9994
12 159 54 -0.0861 0.9999
13 188 87 -0.4073 0.9609
14 166 93 -0.0228 0.8493
15 192 135 -0.4116 0.9370
16 162 136 -0.0867 0.9040
17 191 147 -0.4702 0.9062
18 158 147 -0.0867 0.8625
19 185 148 -0.4473 0.9010
20 158 150 -0.1396 0.8643
21 185 144 -0.4058 0.8672
22 161 146 -0.1093 0.8596
23 245 36 -0.1120 0.9979
24 223 43 0.1121 0.9978
25 212 87 -0.2942 0.9778
26 199 92 0.1117 0.5447
27 234 155 -0.3111 0.9835
28 221 150 0.1532 0.5847
29 243 160 -0.3164 0.9702
30 231 158 0.1559 0.5906
31 202 181 -0.4161 0.9818
32 196 173 0.1134 0.7189
