0 70 48 -0.8327 1.0000
1 75 38 -0.7998 1.0000
2 78 37 -0.7999 1.0000
3 81 36 -0.7997 1.0000
4 64 41 -0.7365 1.0000
5 60 42 -0.7361 0.9999
6 58 43 -0.7362 0.9999
7 88 37 -0.4669 0.9999
8 56 45 -0.1765 1.0000
9 78 54 -0.6970 0.9999
10 67 57 -0.6138 0.9998
11 112 65 -0.3871 0.9940
12 59 71 0.0951 0.9989
13 124 77 -1.3374 0.8621
14 40 90 -0.3413 0.6721
15 113 43 -2.2829 0.9225
16 21 87 -1.3839 0.9014
17 115 33 -2.4893 0.9151
18 11 85 -1.5612 0.9070
19 113 32 -2.4175 0.9268
20 18 84 -1.5997 0.9258
21 110 36 -2.2864 0.9112
22 22 86 -1.4413 0.9196
23 105 155 -0.1812 0.1736
24 71 152 0.1850 0.2429
25 90 183 -0.4722 0.0478
26 58 186 -0.1821 0.0413
27 90 240 -0.0513 0.0040
28 59 240 0.1767 0.0026
29 93 251 -0.0367 0.0045
30 63 249 0.1899 0.0049
31 81 250 -0.4754 0.0055
32 51 257 -0.2683 0.0047
