0 207 111 -0.5630 0.9998
1 231 114 -0.5578 0.9998
2 241 121 -0.5576 0.9998
3 248 128 -0.5576 0.9999
4 210 100 -0.5193 0.9997
5 206 97 -0.5188 0.9995
6 202 94 -0.5185 0.9995
7 251 145 -0.4073 0.9997
8 198 96 -0.2369 0.9987
9 212 136 -0.4937 0.9981
10 190 114 -0.4429 0.9946
11 200 175 -0.4107 0.9971
12 178 132 -0.0094 0.9893
13 169 193 -0.6878 0.7362
14 148 111 0.0831 0.1216
15 172 170 -0.9962 0.6260
16 156 95 -0.1635 0.2501
17 164 159 -1.0836 0.6293
18 153 93 -0.2387 0.3166
19 177 162 -1.0961 0.6394
20 164 95 -0.2594 0.3276
21 174 162 -1.0105 0.6381
22 162 98 -0.1900 0.3486
23 80 232 -0.1217 0.9929
24 65 195 0.1230 0.9815
25 76 195 0.0461 0.4251
26 43 170 0.6525 0.2526
27 21 204 0.4268 0.2676
28 21 197 1.0603 0.1522
29 7 215 0.4655 0.4888
30 17 212 1.1006 0.3410
31 0 183 0.4220 0.2335
32 -2 184 1.1221 0.1366
