0 79 153 -0.1855 1.0000
1 72 149 -0.1451 0.9999
2 71 149 -0.1452 0.9998
3 71 149 -0.1453 0.9999
4 70 153 -0.2214 0.9999
5 69 155 -0.2214 0.9999
6 68 157 -0.2212 0.9999
7 66 159 0.0536 0.9999
8 62 170 -0.2947 0.9999
9 85 158 -0.1072 0.9998
10 84 163 -0.2080 0.9999
11 95 175 0.2723 0.9997
12 84 203 -0.4716 0.9999
13 115 128 0.4410 0.5905
14 122 150 -0.6536 0.9950
15 114 70 0.3356 0.7516
16 131 92 -0.5375 0.9873
17 115 53 0.3286 0.7313
18 137 73 -0.5986 0.9714
19 112 50 0.2663 0.7474
20 132 70 -0.5766 0.9718
21 113 56 0.3019 0.7388
22 129 75 -0.5255 0.9553
23 202 197 0.2408 0.9994
24 212 207 -0.2407 0.9996
25 204 107 0.2507 0.6115
26 208 106 -0.3268 0.9850
27 279 57 0.3059 0.6834
28 293 138 -0.0652 0.9827
29 301 57 0.3051 0.6833
30 311 155 -0.0336 0.9536
31 268 18 0.2540 0.7485
32 307 100 -0.0288 0.9686
