0 125 94 -0.3464 0.9999
1 122 87 -0.3373 0.9999
2 124 84 -0.3371 0.9999
3 125 82 -0.3372 0.9999
4 118 92 -0.3157 0.9999
5 117 94 -0.3157 0.9999
6 116 95 -0.3157 0.9999
7 131 78 -0.2422 0.9999
8 119 94 -0.1486 0.9999
9 133 93 -0.3091 1.0000
10 129 99 -0.2819 0.9999
11 161 75 -0.2968 0.9999
12 142 110 0.0557 0.9998
13 205 106 -0.3654 0.9929
14 144 129 0.1315 0.9167
15 182 138 -0.4077 0.9853
16 119 135 0.0729 0.9733
17 179 146 -0.4452 0.9710
18 111 142 0.0486 0.9432
19 173 144 -0.4410 0.9710
20 110 139 0.0482 0.9364
21 173 141 -0.4045 0.9610
22 113 136 0.0678 0.9340
23 239 85 -0.1130 0.9994
24 226 113 0.1131 0.9987
25 252 131 -0.4677 0.9850
26 227 150 -0.1957 0.8603
27 320 151 -0.5064 0.9765
28 290 149 -0.1685 0.6635
29 326 149 -0.5094 0.9278
30 301 143 -0.1678 0.7261
31 343 185 -0.6240 0.9575
32 308 171 -0.2266 0.7368
