0 132 46 -0.1648 0.9999
1 137 48 -0.1514 0.9998
2 137 50 -0.1515 0.9998
3 138 50 -0.1518 0.9998
4 136 44 -0.1259 0.9998
5 136 43 -0.1259 0.9998
6 136 42 -0.1261 0.9999
7 138 54 -0.0072 0.9997
8 134 40 0.1161 0.9998
9 129 50 -0.1033 0.9999
10 128 46 -0.0673 1.0000
11 125 73 0.0266 0.9999
12 116 35 0.1840 0.9998
13 106 83 -0.1475 0.9704
14 89 30 0.0209 0.8415
15 97 61 -0.3873 0.9388
16 85 41 -0.3647 0.7835
17 93 54 -0.4528 0.9068
18 85 47 -0.4457 0.7526
19 97 51 -0.4262 0.9046
20 89 47 -0.4451 0.7531
21 99 53 -0.3743 0.8750
22 90 47 -0.3714 0.7458
23 76 75 -0.0150 0.9993
24 72 50 0.0160 0.9994
25 53 85 -0.5594 0.9841
26 86 49 -0.7687 0.9868
27 18 77 -0.2185 0.9691
28 49 82 -0.5778 0.9694
29 17 69 -0.1820 0.9202
30 47 86 -0.5498 0.9487
31 3 76 -0.4001 0.9442
32 37 96 -0.7611 0.9496
