0 117 173 -0.5299 1.0000
1 110 172 -0.5234 1.0000
2 109 171 -0.5234 0.9999
3 108 170 -0.5236 0.9999
4 112 177 -0.5413 1.0000
5 112 179 -0.5414 1.0000
6 112 182 -0.5416 1.0000
7 107 173 -0.4125 0.9999
8 112 192 -0.4928 1.0000
9 119 172 -0.4801 1.0000
10 122 178 -0.5035 1.0000
11 108 166 -0.2575 1.0000
12 147 212 -0.4011 1.0000
13 101 139 -0.1790 0.8893
14 194 231 -0.3413 0.9895
15 105 171 -0.0651 0.4557
16 204 202 -0.2791 0.9271
17 105 179 -0.0593 0.1941
18 213 195 -0.2881 0.8303
19 107 180 -0.0396 0.1959
20 207 193 -0.2925 0.8398
21 108 177 -0.0552 0.1927
22 205 194 -0.2749 0.7937
23 174 165 0.0539 1.0000
24 201 188 -0.0541 1.0000
25 175 111 -0.1709 0.9978
26 258 153 -0.2954 0.9969
27 200 48 -0.1346 0.9973
28 249 133 0.1466 0.8672
29 209 45 -0.1306 0.9779
30 238 131 0.1988 0.7223
31 224 27 -0.2063 0.9931
32 264 113 0.2169 0.8575
