0 66 27 -0.0686 0.9999
1 68 27 -0.0886 0.9998
2 68 28 -0.0886 0.9998
3 68 28 -0.0885 0.9998
4 68 27 -0.0406 0.9998
5 68 27 -0.0408 0.9998
6 68 27 -0.0409 0.9999
7 69 30 -0.1412 0.9996
8 68 30 0.0766 0.9997
9 66 29 -0.0878 0.9995
10 65 29 -0.0243 0.9993
11 66 38 -0.2755 0.9974
12 63 38 0.1943 0.9948
13 57 29 -0.4207 0.9581
14 53 29 0.2311 0.4505
15 55 12 -0.4413 0.9666
16 46 18 0.0980 0.5446
17 52 10 -0.5089 0.9507
18 45 15 0.0904 0.5065
19 56 7 -0.4834 0.9452
20 45 13 0.0394 0.5148
21 56 9 -0.4365 0.9292
22 45 15 0.0682 0.5380
23 57 59 -0.1572 0.9984
24 56 57 0.1572 0.9984
25 44 42 -0.1710 0.9864
26 45 37 0.1467 0.4910
27 28 42 -0.0398 0.9581
28 26 35 0.1897 0.5156
29 24 46 -0.0296 0.9129
30 24 41 0.1865 0.4765
31 24 36 -0.1203 0.9303
32 22 29 0.0951 0.5481
