0 126 53 -0.3242 0.9999
1 123 48 -0.3425 0.9998
2 123 46 -0.3425 0.9998
3 124 45 -0.3425 0.9999
4 122 50 -0.3161 0.9999
5 122 50 -0.3164 0.9999
6 121 50 -0.3165 0.9999
7 130 38 -0.3497 0.9997
8 125 44 -0.2310 0.9999
9 134 51 -0.3201 0.9999
10 132 54 -0.2849 0.9999
11 162 38 -0.3744 0.9996
12 145 51 -0.0862 0.9999
13 175 83 -0.3821 0.9608
14 153 87 -0.0377 0.8511
15 179 127 -0.3787 0.9285
16 149 128 -0.0864 0.8721
17 177 137 -0.4359 0.8933
18 146 138 -0.0884 0.8249
19 173 138 -0.4140 0.8883
20 145 140 -0.1380 0.8273
21 172 135 -0.3735 0.8531
22 148 137 -0.1077 0.8290
23 226 34 -0.1032 0.9988
24 205 40 0.1034 0.9982
25 197 81 -0.2894 0.9766
26 182 87 0.1587 0.4734
27 217 145 -0.3800 0.9836
28 203 142 0.1571 0.5548
29 230 148 -0.3920 0.9705
30 213 148 0.1552 0.5987
31 188 169 -0.4910 0.9801
32 180 165 0.1260 0.6885
