0 80 163 -0.0656 0.9962
1 81 166 -0.0812 0.9958
2 82 166 -0.0814 0.9965
3 82 166 -0.0815 0.9970
4 79 165 -0.1067 0.9953
5 79 164 -0.1068 0.9952
6 78 164 -0.1068 0.9959
7 85 163 -0.1019 0.9966
8 78 161 -0.2123 0.9877
9 82 160 -0.0641 0.9976
10 80 159 -0.0965 0.9973
11 104 149 -0.0410 0.9969
12 74 145 -0.2489 0.9988
13 111 139 0.1774 0.4472
14 55 159 -0.2114 0.9867
15 100 141 0.3818 0.1545
16 60 178 -0.0913 0.9805
17 99 141 0.3996 0.1689
18 57 185 -0.1131 0.9783
19 98 142 0.3781 0.1680
20 62 184 -0.1244 0.9793
21 98 141 0.3791 0.1864
22 64 181 -0.0935 0.9724
23 91 99 0.0912 0.9981
24 81 99 -0.0914 0.9994
25 73 74 0.0805 0.9113
26 49 86 -0.1582 0.9854
27 103 62 0.2398 0.9279
28 34 56 -0.1033 0.9905
29 109 64 0.2596 0.9082
30 34 49 -0.0977 0.9843
31 107 47 0.2651 0.9222
32 15 57 -0.1474 0.9859
