0 245 91 -0.6278 1.0000
1 248 88 -0.6511 1.0000
2 249 88 -0.6510 1.0000
3 252 88 -0.6512 1.0000
4 243 86 -0.6323 1.0000
5 242 85 -0.6325 1.0000
6 241 84 -0.6326 1.0000
7 258 85 -0.6214 1.0000
8 242 79 -0.5410 1.0000
9 250 94 -0.6034 1.0000
10 244 92 -0.5807 1.0000
11 281 95 -0.5505 1.0000
12 238 82 -0.4043 1.0000
13 274 144 -0.6263 0.9966
14 211 105 -0.4763 0.6143
15 232 141 -0.6979 0.9982
16 195 131 -0.6661 0.6866
17 221 150 -0.7503 0.9944
18 187 137 -0.7109 0.6817
19 215 140 -0.7383 0.9941
20 192 137 -0.7378 0.7142
21 218 139 -0.6909 0.9878
22 197 136 -0.6821 0.6906
23 272 132 -0.0293 1.0000
24 242 126 0.0289 1.0000
25 304 108 -0.1136 0.9251
26 202 125 -0.2014 0.9761
27 256 119 -0.0201 0.1502
28 182 130 -0.3069 0.7570
29 252 117 -0.0045 0.1233
30 181 133 -0.3116 0.6780
31 237 117 -0.0263 0.3072
32 172 120 -0.3729 0.8679
