0 182 172 -0.6320 0.9981
1 176 158 -0.6866 0.9978
2 179 154 -0.6865 0.9981
3 182 150 -0.6866 0.9984
4 171 164 -0.6192 0.9971
5 170 165 -0.6192 0.9973
6 169 166 -0.6196 0.9977
7 197 130 -0.7551 0.9983
8 183 147 -0.4515 0.9968
9 201 169 -0.6425 0.9984
10 194 176 -0.5573 0.9971
11 277 116 -0.7560 0.9937
12 223 150 -0.2181 0.9989
13 374 140 -0.7602 0.9097
14 270 168 0.0791 0.7435
15 304 215 -0.6378 0.8774
16 204 192 0.1989 0.8372
17 291 230 -0.6650 0.7277
18 186 196 0.2218 0.6961
19 276 224 -0.6231 0.7516
20 185 195 0.1967 0.7069
21 279 218 -0.6144 0.7513
22 196 193 0.1893 0.7452
23 402 135 -0.1476 0.2767
24 375 168 0.1491 0.4653
25 500 146 -0.0083 0.0192
26 481 183 0.3684 0.0242
27 593 151 0.3354 0.0012
28 579 189 0.6342 0.0014
29 608 146 0.3643 0.0051
30 594 189 0.6547 0.0029
31 610 174 0.1911 0.0012
32 601 199 0.4818 0.0031
