0 76 32 -0.1963 1.0000
1 78 32 -0.1534 1.0000
2 78 32 -0.1535 1.0000
3 79 33 -0.1535 1.0000
4 76 31 -0.1367 1.0000
5 76 30 -0.1369 1.0000
6 75 30 -0.1368 1.0000
7 79 35 0.0484 1.0000
8 74 30 0.1332 1.0000
9 76 35 -0.1279 1.0000
10 74 33 -0.1032 1.0000
11 74 47 0.0276 1.0000
12 63 34 0.2948 0.9999
13 72 58 -0.3571 0.9943
14 51 28 0.0938 0.9372
15 71 64 -0.8277 0.9880
16 46 16 -0.3182 0.9425
17 72 67 -0.9142 0.9754
18 44 12 -0.3680 0.8916
19 72 65 -0.9320 0.9791
20 45 11 -0.4223 0.9015
21 71 64 -0.8458 0.9745
22 45 13 -0.3526 0.9002
23 49 54 -0.1394 1.0000
24 46 46 0.1397 0.9998
25 46 45 -0.7654 0.9983
26 42 29 -0.1427 0.9595
27 23 50 -1.0767 0.9968
28 22 19 -0.3605 0.9780
29 19 52 -1.1172 0.9897
30 18 19 -0.3938 0.9669
31 18 43 -1.3913 0.9970
32 28 11 -0.6056 0.9862
