0 135 124 0.1092 0.9934
1 132 126 0.1037 0.9864
2 132 127 0.1037 0.9869
3 132 127 0.1035 0.9890
4 132 125 0.0794 0.9829
5 132 126 0.0794 0.9847
6 132 126 0.0793 0.9827
7 132 132 0.0975 0.9831
8 132 130 -0.0110 0.9809
9 139 126 0.1133 0.9668
10 138 126 0.0812 0.9557
11 150 145 0.1800 0.9985
12 145 127 -0.1252 0.9994
13 173 140 0.2956 0.0256
14 140 100 -0.1721 0.9937
15 192 138 0.3319 0.0523
16 145 74 -0.0733 0.9795
17 197 139 0.3534 0.0723
18 150 65 -0.0929 0.9619
19 196 137 0.3274 0.0760
20 149 64 -0.0718 0.9570
21 195 137 0.3229 0.0766
22 148 68 -0.0635 0.9285
23 206 158 0.1047 0.9999
24 206 159 -0.1051 0.9998
25 245 132 0.0472 0.7230
26 245 136 -0.1843 0.9863
27 284 128 0.1213 0.9581
28 261 177 -0.0116 0.9802
29 289 136 0.1271 0.9132
30 251 190 0.0087 0.9034
31 308 123 0.0870 0.9424
32 276 179 0.0019 0.9634
