0 156 220 -1.1525 0.9998
1 151 225 -1.1558 0.9997
2 148 224 -1.1556 0.9995
3 146 224 -1.1559 0.9993
4 157 226 -1.1566 0.9997
5 159 227 -1.1568 0.9997
6 161 228 -1.1568 0.9997
7 144 227 -0.9874 0.9989
8 164 231 -0.9959 0.9997
9 154 217 -1.0720 0.9992
10 161 219 -1.0752 0.9995
11 134 215 -0.7057 0.9995
12 188 225 -0.7023 0.9997
13 110 212 -0.4804 0.8449
14 210 207 -0.5311 0.6798
15 89 224 -0.2709 0.8417
16 207 213 -0.4032 0.4193
17 82 229 -0.2453 0.7582
18 207 216 -0.3862 0.3014
19 82 229 -0.2781 0.7781
20 203 214 -0.4014 0.2921
21 86 226 -0.2766 0.7852
22 202 213 -0.4008 0.3216
23 150 164 -0.0140 0.9994
24 180 172 0.0140 0.9994
25 151 136 0.0094 0.5533
26 220 166 -0.1565 0.7114
27 151 96 0.5522 0.4884
28 245 123 0.2328 0.6874
29 154 91 0.6008 0.3461
30 244 113 0.2708 0.5751
31 147 79 0.4518 0.4988
32 269 119 0.1042 0.7336
