0 234 74 -0.2536 0.9999
1 236 68 -0.2137 0.9999
2 236 68 -0.2139 0.9999
3 236 68 -0.2140 0.9999
4 234 67 -0.2545 0.9999
5 233 66 -0.2546 0.9999
6 231 65 -0.2547 0.9999
7 228 65 -0.0231 0.9999
8 219 60 -0.2042 0.9999
9 228 78 -0.1823 0.9999
10 225 76 -0.2346 0.9999
11 201 97 0.1386 0.9998
12 179 62 -0.2758 0.9998
13 197 131 0.1399 0.8979
14 137 72 -0.6356 0.9967
15 209 157 -0.0391 0.9778
16 182 85 -0.9404 0.9970
17 214 164 -0.0567 0.9626
18 195 87 -1.0152 0.9933
19 214 163 -0.0828 0.9634
20 199 83 -0.9817 0.9925
21 212 160 -0.0547 0.9584
22 196 83 -0.9305 0.9887
23 127 134 0.1672 0.9993
24 110 118 -0.1667 0.9997
25 117 189 0.1852 0.8537
26 134 178 -0.4472 0.9948
27 55 189 0.3931 0.8498
28 91 240 -0.4080 0.9947
29 44 184 0.4067 0.8621
30 77 241 -0.4056 0.9864
31 41 220 0.3295 0.8423
32 98 266 -0.5355 0.9902
