0 104 81 -0.9666 0.9987
1 110 76 -0.9969 0.9992
2 113 76 -0.9969 0.9988
3 116 75 -0.9972 0.9992
4 101 75 -0.9774 0.9985
5 98 74 -0.9776 0.9971
6 95 73 -0.9777 0.9984
7 122 68 -0.9208 0.9996
8 94 66 -0.8405 0.9991
9 111 83 -0.9166 0.9994
10 100 84 -0.8940 0.9996
11 142 70 -0.7444 0.9999
12 77 66 -0.6007 1.0000
13 167 113 -0.7501 0.9521
14 61 101 -0.4784 0.8586
15 152 159 -0.7341 0.9118
16 47 147 -0.5237 0.8271
17 148 165 -0.7804 0.7561
18 35 150 -0.5467 0.7109
19 141 162 -0.7713 0.7444
20 38 153 -0.5974 0.7483
21 141 160 -0.7283 0.6240
22 44 153 -0.5452 0.7503
23 161 103 -0.0096 0.9992
24 138 122 0.0098 0.9998
25 214 116 -0.2399 0.7139
26 199 136 -0.3911 0.7673
27 281 121 -0.0931 0.7067
28 273 139 -0.1131 0.7215
29 287 121 -0.0843 0.5533
30 280 136 -0.0881 0.6300
31 319 129 -0.2431 0.7657
32 302 142 -0.2378 0.7019
