0 122 77 -0.7397 0.9999
1 123 67 -0.7456 0.9999
2 126 64 -0.7452 0.9999
3 129 62 -0.7453 0.9999
4 115 71 -0.7253 0.9999
5 112 72 -0.7256 0.9999
6 110 73 -0.7257 0.9999
7 137 57 -0.6547 0.9998
8 110 72 -0.5736 0.9999
9 131 79 -0.6971 0.9999
10 123 85 -0.6743 0.9999
11 175 67 -0.6576 0.9993
12 116 86 -0.3598 0.9999
13 199 119 -0.7606 0.9940
14 104 128 -0.4174 0.9243
15 157 151 -0.8129 0.9679
16 88 175 -0.6225 0.9128
17 150 162 -0.8787 0.9223
18 72 182 -0.6846 0.8667
19 143 158 -0.8694 0.9197
20 74 181 -0.7156 0.8653
21 144 154 -0.8137 0.8951
22 81 179 -0.6473 0.8851
23 240 79 -0.0930 0.9977
24 211 106 0.0927 0.9980
25 258 129 -0.4970 0.9834
26 217 159 -0.2490 0.9142
27 343 161 -0.4727 0.9721
28 299 166 -0.1907 0.8398
29 357 160 -0.4709 0.9157
30 314 159 -0.1868 0.7956
31 356 189 -0.6019 0.9550
32 325 183 -0.2662 0.8248
