0 80 91 -0.2514 1.0000
1 76 91 -0.2025 1.0000
2 76 90 -0.2025 1.0000
3 76 89 -0.2026 1.0000
4 77 95 -0.2420 1.0000
5 77 97 -0.2421 1.0000
6 77 100 -0.2423 1.0000
7 79 91 0.0505 1.0000
8 80 106 -0.1297 1.0000
9 85 89 -0.1562 1.0000
10 86 94 -0.2074 1.0000
11 110 86 0.2515 1.0000
12 100 124 -0.1701 1.0000
13 116 55 0.0535 0.9956
14 125 147 -0.4692 0.9731
15 83 46 -0.2777 0.9976
16 123 167 -0.9137 0.9832
17 73 46 -0.3323 0.9929
18 119 175 -0.9955 0.9776
19 71 49 -0.3184 0.9923
20 115 172 -1.0269 0.9778
21 74 50 -0.2848 0.9902
22 116 170 -0.9349 0.9729
23 178 136 0.1782 1.0000
24 172 148 -0.1789 1.0000
25 221 183 0.1896 0.7141
26 237 181 -0.3671 0.9922
27 184 230 0.5079 0.7466
28 204 234 -0.0624 0.9752
29 173 232 0.5371 0.7967
30 183 232 -0.0300 0.9805
31 186 250 0.4893 0.7903
32 211 263 -0.0865 0.9686
