0 227 212 -0.1077 1.0000
1 233 212 -0.0743 1.0000
2 233 213 -0.0744 1.0000
3 233 213 -0.0745 1.0000
4 234 209 -0.0996 1.0000
5 234 207 -0.0996 1.0000
6 235 204 -0.0996 1.0000
7 232 208 0.1031 1.0000
8 236 194 -0.0120 1.0000
9 221 211 -0.0404 1.0000
10 222 206 -0.0742 1.0000
11 190 202 0.1886 1.0000
12 232 163 0.0229 1.0000
13 155 190 -0.0317 0.7215
14 244 117 -0.0965 0.9913
15 147 206 -0.3768 0.9474
16 252 71 -0.1966 0.9833
17 146 210 -0.4237 0.9436
18 254 58 -0.2151 0.9646
19 153 212 -0.4453 0.9515
20 252 57 -0.2566 0.9687
21 154 209 -0.3940 0.9399
22 250 62 -0.2156 0.9694
23 143 149 0.0758 0.9990
24 163 121 -0.0753 0.9988
25 111 198 -0.3002 0.9817
26 158 131 -0.6735 0.9959
27 40 164 -0.4159 0.9732
28 99 78 -0.6721 0.9909
29 31 150 -0.4389 0.9601
30 95 69 -0.6766 0.9733
31 22 184 -0.5944 0.9671
32 77 63 -0.8561 0.9897
