0 396 85 0.3900 0.9998
1 405 87 0.3700 0.9998
2 406 88 0.3700 0.9998
3 407 89 0.3700 0.9999
4 402 87 0.4220 0.9997
5 402 88 0.4220 0.9996
6 402 89 0.4220 0.9997
7 409 102 0.3098 0.9999
8 405 102 0.5513 0.9998
9 395 88 0.3699 0.9996
10 389 91 0.4397 0.9990
11 401 122 0.1209 1.0000
12 359 125 0.6279 0.9995
13 424 101 -0.1710 0.9957
14 308 131 0.8795 0.0434
15 428 44 -0.1608 0.9813
16 304 104 1.0125 0.0899
17 428 31 -0.1937 0.9699
18 304 100 1.0311 0.1255
19 424 31 -0.1765 0.9662
20 308 97 0.9976 0.1316
21 422 36 -0.1525 0.9470
22 309 97 1.0005 0.1436
23 272 138 -0.1832 1.0000
24 258 132 0.1830 1.0000
25 222 61 -0.3076 0.9964
26 152 135 0.1247 0.9230
27 124 98 -0.5348 0.9954
28 62 204 -0.1127 0.9595
29 92 139 -0.5571 0.9925
30 50 222 -0.1455 0.9707
31 63 95 -0.6032 0.9946
32 45 143 -0.2065 0.9651
