0 150 182 -0.2201 0.9988
1 153 182 -0.2644 0.9978
2 154 181 -0.2646 0.9983
3 156 181 -0.2646 0.9981
4 148 182 -0.2649 0.9983
5 146 181 -0.2651 0.9986
6 145 181 -0.2652 0.9987
7 159 177 -0.3699 0.9972
8 141 177 -0.3730 0.9976
9 151 177 -0.2443 0.9953
10 146 177 -0.2460 0.9956
11 170 151 -0.3508 0.9949
12 121 161 -0.3027 0.9980
13 181 139 -0.1638 0.8940
14 103 170 -0.1479 0.9662
15 192 127 0.0578 0.6397
16 104 191 0.0606 0.9109
17 196 121 0.0731 0.5753
18 101 195 0.0774 0.8971
19 195 121 0.0671 0.5747
20 106 195 0.0658 0.8998
21 192 123 0.0655 0.5048
22 111 195 0.0641 0.8638
23 137 97 -0.0357 0.9971
24 116 105 0.0353 0.9993
25 142 75 0.2003 0.8842
26 100 81 0.1104 0.8995
27 157 42 0.3894 0.9494
28 72 53 0.1516 0.9456
29 158 37 0.4103 0.9314
30 65 50 0.1579 0.9540
31 157 28 0.3694 0.8798
32 71 43 0.1123 0.8888
