0 44 11 0.0463 0.9838
1 43 10 -0.0050 0.9902
2 42 10 -0.0050 0.9892
3 42 11 -0.0049 0.9869
4 44 9 0.0155 0.9929
5 44 9 0.0153 0.9937
6 45 9 0.0151 0.9942
7 43 12 -0.1580 0.9858
8 47 8 -0.0672 0.9954
9 45 13 0.0025 0.9621
10 46 12 0.0283 0.9745
11 47 22 -0.2194 0.9908
12 56 15 -0.0493 0.9950
13 33 27 -0.1586 0.8526
14 64 24 0.1138 0.0907
15 21 24 -0.0187 0.8725
16 62 31 0.2775 0.0569
17 18 24 -0.0388 0.8423
18 62 32 0.3024 0.0741
19 20 21 -0.0309 0.8407
20 61 33 0.2692 0.0733
21 21 21 -0.0119 0.7613
22 61 32 0.2719 0.0874
23 66 44 -0.0478 0.9986
24 74 37 0.0471 0.9962
25 70 66 -0.0444 0.9827
26 87 44 0.2042 0.5375
27 85 85 -0.0023 0.9229
28 101 50 0.3851 0.2951
29 87 86 0.0024 0.9127
30 102 52 0.4079 0.4002
31 83 89 -0.0707 0.5384
32 103 48 0.4082 0.1044
