0 309 123 0.1506 1.0000
1 315 123 0.1454 1.0000
2 316 125 0.1454 1.0000
3 317 127 0.1454 1.0000
4 314 121 0.1714 1.0000
5 314 121 0.1714 1.0000
6 314 121 0.1714 1.0000
7 321 136 0.1365 1.0000
8 317 129 0.2534 1.0000
9 306 129 0.1474 1.0000
10 305 127 0.1818 1.0000
11 308 159 0.0349 1.0000
12 288 143 0.3111 0.9999
13 273 143 -0.0799 0.9685
14 258 113 0.3629 0.9229
15 246 120 -0.1876 0.9524
16 257 69 0.3046 0.9585
17 236 115 -0.2226 0.9235
18 255 58 0.2958 0.9287
19 235 112 -0.2197 0.9179
20 256 57 0.2707 0.9348
21 238 113 -0.1870 0.8975
22 257 60 0.2893 0.9309
23 240 170 -0.0899 0.9999
24 236 157 0.0899 0.9996
25 190 132 -0.2140 0.9814
26 190 107 0.0105 0.7500
27 117 113 -0.3087 0.9605
28 141 60 -0.0595 0.6898
29 98 114 -0.3183 0.9370
30 126 56 -0.0692 0.7075
31 109 82 -0.3951 0.9353
32 142 24 -0.1186 0.7717
