0 76 191 -0.3645 0.9999
1 72 195 -0.3404 0.9998
2 72 195 -0.3405 0.9998
3 71 196 -0.3406 0.9999
4 73 197 -0.4010 0.9999
5 73 198 -0.4010 0.9999
6 74 199 -0.4011 0.9999
7 76 201 -0.2001 0.9997
8 78 205 -0.4749 0.9999
9 80 190 -0.3033 0.9998
10 81 192 -0.3835 0.9999
11 95 193 -0.0085 0.9994
12 104 195 -0.5771 0.9999
13 64 176 0.0729 0.7820
14 100 161 -0.7211 0.9991
15 34 176 -0.0862 0.8684
16 82 123 -0.7170 0.9929
17 23 174 -0.1160 0.8357
18 78 111 -0.7937 0.9834
19 23 175 -0.1633 0.8356
20 75 111 -0.7712 0.9816
21 25 175 -0.1166 0.8365
22 76 116 -0.7084 0.9648
23 153 153 0.1930 0.9996
24 161 156 -0.1932 0.9996
25 158 100 0.2541 0.8763
26 157 99 -0.1284 0.9966
27 222 88 0.4555 0.9490
28 178 55 0.0938 0.9977
29 232 89 0.4700 0.9265
30 188 52 0.1103 0.9897
31 225 61 0.3959 0.9648
32 172 31 0.0208 0.9959
