0 153 95 -0.3027 1.0000
1 150 88 -0.2967 1.0000
2 152 85 -0.2966 1.0000
3 153 83 -0.2966 0.9999
4 146 93 -0.2766 1.0000
5 145 94 -0.2767 1.0000
6 144 95 -0.2767 1.0000
7 159 77 -0.2192 0.9999
8 147 93 -0.1316 1.0000
9 161 94 -0.2716 1.0000
10 158 101 -0.2463 1.0000
11 191 75 -0.2589 0.9999
12 169 110 0.0322 0.9999
13 233 107 -0.2978 0.9869
14 175 132 0.0473 0.9469
15 212 137 -0.2947 0.9743
16 150 135 -0.0455 0.9765
17 208 145 -0.3223 0.9524
18 140 142 -0.0719 0.9514
19 202 143 -0.3230 0.9520
20 139 139 -0.0678 0.9454
21 203 140 -0.2929 0.9392
22 143 136 -0.0487 0.9419
23 268 84 -0.0946 0.9996
24 253 110 0.0946 0.9994
25 283 129 -0.4498 0.9887
26 252 145 -0.2069 0.9067
27 353 156 -0.5007 0.9827
28 322 147 -0.1966 0.7329
29 366 156 -0.5052 0.9505
30 334 140 -0.1969 0.7583
31 374 192 -0.6253 0.9688
32 342 168 -0.2699 0.7885
