0 299 116 -0.2537 1.0000
1 306 115 -0.2301 1.0000
2 308 117 -0.2301 1.0000
3 310 119 -0.2302 1.0000
4 300 110 -0.2149 1.0000
5 298 109 -0.2150 1.0000
6 297 108 -0.2150 1.0000
7 310 124 -0.0910 1.0000
8 293 109 -0.0128 1.0000
9 298 125 -0.2042 1.0000
10 290 118 -0.1814 1.0000
11 293 168 -0.0927 1.0000
12 251 121 0.1254 0.9999
13 284 206 -0.3751 0.9811
14 212 101 -0.0069 0.9527
15 280 227 -0.7491 0.9633
16 188 56 -0.2800 0.9453
17 286 238 -0.8097 0.9536
18 187 43 -0.3149 0.9032
19 284 234 -0.8389 0.9611
20 188 41 -0.3576 0.9135
21 281 230 -0.7681 0.9568
22 188 46 -0.3065 0.9161
23 202 198 -0.1127 1.0000
24 193 169 0.1127 0.9997
25 189 151 -0.5111 0.9971
26 181 106 -0.0891 0.9560
27 108 177 -0.7466 0.9938
28 109 71 -0.3093 0.9716
29 91 188 -0.7752 0.9823
30 90 69 -0.3388 0.9691
31 83 151 -0.9495 0.9928
32 131 39 -0.4697 0.9813
