0 35 180 -0.6225 1.0000
1 31 182 -0.5922 1.0000
2 30 181 -0.5921 1.0000
3 29 181 -0.5922 1.0000
4 34 184 -0.6105 1.0000
5 35 185 -0.6106 1.0000
6 36 186 -0.6107 1.0000
7 29 180 -0.3930 1.0000
8 38 188 -0.4777 1.0000
9 36 177 -0.5445 1.0000
10 39 179 -0.5694 1.0000
11 36 167 -0.1533 1.0000
12 55 188 -0.4292 1.0000
13 34 149 0.0263 0.9399
14 75 205 -0.5076 0.9993
15 26 137 0.0523 0.9904
16 99 202 -0.5905 0.9963
17 21 134 0.0644 0.9781
18 107 202 -0.6166 0.9822
19 21 136 0.0239 0.9812
20 105 198 -0.6434 0.9823
21 24 137 0.0380 0.9772
22 103 197 -0.5999 0.9767
23 76 152 0.0977 1.0000
24 88 161 -0.0980 1.0000
25 71 125 -0.1306 0.9871
26 115 136 -0.1913 0.9975
27 93 105 0.0950 0.9821
28 113 161 0.2914 0.9537
29 101 105 0.1171 0.9684
30 112 166 0.3453 0.8356
31 91 89 0.0649 0.9793
32 122 158 0.3448 0.9040
