0 120 153 -1.6558 0.9995
1 116 158 -1.6730 0.9998
2 113 158 -1.6729 0.9997
3 110 158 -1.6734 0.9998
4 121 160 -1.6452 0.9994
5 122 161 -1.6455 0.9986
6 123 162 -1.6454 0.9990
7 103 158 -1.4864 0.9998
8 121 164 -1.3637 0.9976
9 116 147 -1.5623 0.9998
10 122 149 -1.5266 0.9992
11 81 137 -1.2229 0.9999
12 137 162 -1.0137 0.9996
13 47 118 -1.2094 0.9941
14 163 192 -0.8240 0.9459
15 27 90 -1.3538 0.9417
16 199 208 -0.8458 0.8707
17 17 82 -1.4386 0.7561
18 208 215 -0.8942 0.7261
19 20 81 -1.5132 0.7627
20 208 215 -0.9692 0.7420
21 25 83 -1.3924 0.7461
22 204 212 -0.8844 0.7863
23 91 111 -0.0657 0.9999
24 118 120 0.0649 0.9997
25 79 74 0.5180 0.6618
26 149 113 0.7474 0.5325
27 72 56 1.3286 0.7859
28 158 114 1.6039 0.1991
29 72 57 1.4114 0.5636
30 156 115 1.6954 0.3587
31 69 28 1.2629 0.7883
32 162 104 1.6669 0.3105
