0 129 80 0.4353 0.9995
1 129 78 0.4630 0.9999
2 130 78 0.4630 0.9999
3 131 77 0.4628 0.9999
4 127 82 0.4665 0.9998
5 127 83 0.4665 0.9997
6 127 84 0.4664 0.9998
7 136 78 0.5253 0.9999
8 130 87 0.5422 0.9996
9 147 83 0.4516 0.9998
10 144 86 0.4561 0.9996
11 177 90 0.4078 0.9999
12 146 109 0.4948 0.9994
13 209 88 0.2504 0.3395
14 155 133 0.4009 0.2728
15 245 54 0.0746 0.6218
16 143 116 0.3061 0.3965
17 245 45 0.0577 0.5871
18 141 110 0.3083 0.4301
19 242 42 0.0314 0.5845
20 138 107 0.3307 0.4129
21 242 47 0.0576 0.5847
22 139 109 0.3116 0.4210
23 201 125 -0.0299 0.9997
24 190 136 0.0300 0.9998
25 219 118 -0.5451 0.9445
26 211 133 -0.4583 0.8441
27 234 104 -0.5809 0.5201
28 257 93 -0.6127 0.7804
29 235 103 -0.5775 0.6978
30 261 88 -0.6188 0.6928
31 232 94 -0.6728 0.6306
32 272 70 -0.7508 0.7794
