0 100 191 0.0822 0.9942
1 101 194 0.0649 0.9941
2 102 194 0.0647 0.9950
3 103 195 0.0646 0.9964
4 99 193 0.0363 0.9940
5 98 193 0.0362 0.9938
6 98 192 0.0361 0.9951
7 107 192 0.0196 0.9949
8 98 189 -0.1041 0.9813
9 102 188 0.0741 0.9939
10 100 187 0.0375 0.9929
11 128 177 0.0814 0.9956
12 94 171 -0.1818 0.9988
13 131 164 0.3240 0.1909
14 73 185 -0.1344 0.9641
15 119 172 0.5524 0.1106
16 76 209 0.0245 0.9573
17 117 172 0.5813 0.1442
18 75 216 0.0126 0.9600
19 116 174 0.5592 0.1446
20 80 216 -0.0010 0.9605
21 116 173 0.5493 0.1513
22 82 213 0.0237 0.9452
23 113 117 0.1123 0.9990
24 101 117 -0.1125 0.9997
25 91 89 0.0392 0.9257
26 63 101 -0.2132 0.9891
27 127 73 0.1180 0.9455
28 45 66 -0.2068 0.9939
29 134 75 0.1291 0.9252
30 47 58 -0.2063 0.9871
31 131 54 0.1122 0.9477
32 24 68 -0.2740 0.9914
