0 215 213 -0.3870 1.0000
1 205 213 -0.3738 1.0000
2 203 211 -0.3738 1.0000
3 202 209 -0.3739 1.0000
4 208 221 -0.3981 1.0000
5 209 225 -0.3982 1.0000
6 210 229 -0.3982 1.0000
7 202 210 -0.2051 1.0000
8 214 240 -0.3244 1.0000
9 221 208 -0.3136 1.0000
10 225 216 -0.3484 1.0000
11 221 192 -0.0379 1.0000
12 262 243 -0.2171 1.0000
13 238 129 -0.0790 0.9172
14 332 251 -0.3301 0.9695
15 190 181 -0.2175 0.9383
16 280 237 -0.4483 0.9607
17 175 191 -0.2224 0.8805
18 270 236 -0.4540 0.8870
19 174 193 -0.1940 0.8528
20 266 240 -0.4299 0.8693
21 182 192 -0.2048 0.7968
22 270 237 -0.4338 0.8577
23 303 125 0.1071 1.0000
24 340 146 -0.1077 1.0000
25 216 94 0.0917 0.9681
26 278 175 -0.3389 0.9443
27 156 39 -0.0447 0.9073
28 262 117 -0.2351 0.8473
29 152 23 -0.0511 0.8833
30 267 109 -0.2135 0.8530
31 121 59 -0.0822 0.8924
32 238 97 -0.2459 0.8319
