0 47 16 0.2708 0.9959
1 48 14 0.2241 0.9966
2 47 14 0.2239 0.9976
3 47 15 0.2238 0.9976
4 49 13 0.2363 0.9949
5 49 13 0.2364 0.9952
6 49 12 0.2361 0.9937
7 46 15 0.0282 0.9952
8 49 13 0.0800 0.9917
9 46 18 0.2014 0.9966
10 48 18 0.2157 0.9939
11 37 18 -0.1015 0.9992
12 54 21 0.0464 0.9977
13 20 15 -0.1458 0.9453
14 65 33 0.0455 0.9673
15 7 12 -0.1431 0.9805
16 75 38 0.1359 0.9221
17 5 12 -0.1566 0.9764
18 77 39 0.1393 0.8956
19 5 11 -0.1415 0.9757
20 77 39 0.1343 0.8938
21 6 11 -0.1315 0.9670
22 75 39 0.1385 0.8833
23 43 49 -0.0321 0.9993
24 49 50 0.0321 0.9987
25 32 61 -0.3113 0.9700
26 58 71 -0.1202 0.9391
27 17 76 -0.5630 0.9826
28 70 81 -0.3572 0.9288
29 18 77 -0.5861 0.9902
30 71 83 -0.3784 0.9758
31 12 83 -0.6875 0.9790
32 73 88 -0.4425 0.9260
