0 140 95 -0.4924 0.9976
1 141 93 -0.5010 0.9935
2 141 93 -0.5011 0.9925
3 143 93 -0.5015 0.9937
4 140 93 -0.4740 0.9922
5 139 93 -0.4741 0.9890
6 139 93 -0.4742 0.9862
7 145 96 -0.4621 0.9970
8 139 96 -0.3264 0.9858
9 142 100 -0.4722 0.9990
10 140 100 -0.4331 0.9954
11 170 118 -0.4102 1.0000
12 123 115 -0.2093 0.9999
13 200 133 -0.4780 0.9956
14 99 97 -0.1732 0.9891
15 212 165 -0.6293 0.9184
16 76 75 -0.2609 0.9459
17 222 172 -0.6676 0.7932
18 69 70 -0.2758 0.8727
19 221 174 -0.7162 0.7892
20 70 68 -0.3392 0.8790
21 217 173 -0.6536 0.7951
22 72 70 -0.2951 0.9009
23 156 178 -0.0574 0.9999
24 129 177 0.0570 1.0000
25 189 231 -0.1079 0.9849
26 106 229 0.0663 0.9772
27 219 198 0.3777 0.6383
28 86 208 0.5373 0.6570
29 217 194 0.4355 0.6434
30 85 206 0.5931 0.6942
31 239 194 0.4960 0.4483
32 68 209 0.6666 0.5154
