0 180 140 -0.0162 0.9993
1 184 139 -0.0080 0.9994
2 184 139 -0.0081 0.9991
3 184 139 -0.0081 0.9995
4 184 139 -0.0389 0.9996
5 184 138 -0.0389 0.9993
6 184 138 -0.0389 0.9996
7 184 136 0.0440 0.9992
8 184 134 -0.0981 0.9995
9 176 138 0.0088 0.9989
10 176 137 -0.0324 0.9989
11 171 121 0.1115 0.9980
12 164 129 -0.1485 0.9987
13 174 144 0.1301 0.4208
14 163 152 -0.2138 0.9783
15 192 163 0.0378 0.7052
16 172 179 -0.2090 0.9572
17 198 167 0.0185 0.6919
18 175 185 -0.2474 0.9295
19 199 168 0.0022 0.6926
20 178 183 -0.2371 0.9237
21 196 167 0.0267 0.6742
22 177 181 -0.2060 0.8910
23 111 86 0.0847 0.9993
24 107 94 -0.0850 0.9987
25 68 59 0.1004 0.7963
26 61 87 -0.0545 0.9110
27 28 36 0.1633 0.8050
28 25 65 0.0331 0.9076
29 23 34 0.1655 0.8276
30 19 63 0.0397 0.8518
31 16 38 0.1081 0.7119
32 10 61 -0.0094 0.8462
