0 231 74 -0.5068 0.9999
1 238 74 -0.5148 0.9998
2 239 76 -0.5148 0.9998
3 240 78 -0.5149 0.9998
4 237 71 -0.4766 0.9997
5 236 71 -0.4767 0.9997
6 236 70 -0.4767 0.9997
7 243 87 -0.4438 0.9998
8 236 76 -0.2640 0.9995
9 228 81 -0.4726 0.9999
10 226 77 -0.4209 0.9996
11 228 124 -0.3809 1.0000
12 208 82 -0.0447 0.9999
13 202 145 -0.3911 0.9917
14 174 69 0.0945 0.8506
15 171 163 -0.4655 0.9438
16 145 47 -0.0524 0.9036
17 164 171 -0.4997 0.8849
18 135 42 -0.0778 0.8273
19 162 170 -0.5350 0.8946
20 135 40 -0.1496 0.8471
21 163 166 -0.4808 0.8817
22 138 43 -0.0899 0.8627
23 154 137 -0.1445 0.9999
24 149 114 0.1445 0.9999
25 101 131 -0.3425 0.9936
26 99 97 -0.1357 0.9745
27 71 192 -0.1178 0.9968
28 50 133 0.0818 0.9855
29 73 202 -0.1010 0.9466
30 46 143 0.0953 0.9384
31 41 195 -0.2712 0.9938
32 22 126 -0.0709 0.9801
