0 97 85 0.8416 0.9895
1 94 84 0.8208 0.9865
2 92 84 0.8209 0.9868
3 91 84 0.8210 0.9886
4 96 83 0.8264 0.9837
5 97 82 0.8265 0.9814
6 99 82 0.8263 0.9856
7 89 84 0.6706 0.9890
8 102 82 0.6999 0.9776
9 94 86 0.7849 0.9878
10 97 85 0.7930 0.9873
11 75 94 0.4620 0.9995
12 117 86 0.5078 0.9997
13 52 105 0.4662 0.9309
14 132 102 0.4551 0.4718
15 57 109 0.6253 0.3297
16 123 112 0.5218 0.0564
17 56 113 0.6417 0.2283
18 123 113 0.5398 0.0579
19 63 111 0.6612 0.2258
20 118 114 0.5521 0.0579
21 62 110 0.6379 0.1954
22 118 113 0.5296 0.0627
23 96 137 -0.0029 0.9999
24 122 129 0.0021 1.0000
25 109 172 -0.0794 0.9824
26 144 165 -0.1171 0.9656
27 107 204 -0.4326 0.9781
28 165 196 -0.5798 0.9853
29 109 207 -0.4745 0.9893
30 165 201 -0.6311 0.9949
31 97 222 -0.5243 0.9397
32 178 210 -0.7026 0.9749
