0 272 143 -0.4646 0.9998
1 278 144 -0.5378 0.9999
2 278 145 -0.5379 0.9999
3 277 146 -0.5381 0.9999
4 281 144 -0.4860 0.9999
5 282 144 -0.4864 0.9999
6 283 145 -0.4866 0.9999
7 277 155 -0.7075 0.9998
8 285 155 -0.4735 0.9999
9 266 149 -0.5084 1.0000
10 268 149 -0.4403 1.0000
11 226 170 -0.7192 1.0000
12 290 189 -0.2962 1.0000
13 181 132 -0.7477 0.9972
14 300 154 0.1390 0.5897
15 163 70 -0.7737 0.9951
16 306 115 0.4134 0.8570
17 155 54 -0.8805 0.9892
18 307 105 0.4358 0.8312
19 162 50 -0.8813 0.9897
20 305 103 0.3589 0.8512
21 166 55 -0.7820 0.9824
22 303 106 0.3922 0.8500
23 166 213 -0.1598 1.0000
24 199 216 0.1599 1.0000
25 131 128 -0.0490 0.9898
26 227 146 0.3568 0.3948
27 64 137 0.4387 0.9401
28 200 111 0.8418 0.3423
29 55 151 0.4947 0.9140
30 191 109 0.8933 0.3870
31 48 106 0.4755 0.9479
32 206 83 0.8904 0.6430
