0 84 152 -0.9309 1.0000
1 79 145 -0.9175 1.0000
2 81 142 -0.9173 1.0000
3 82 140 -0.9174 1.0000
4 75 153 -0.9251 1.0000
5 74 157 -0.9253 1.0000
6 73 160 -0.9251 1.0000
7 85 138 -0.7180 1.0000
8 69 167 -0.7541 1.0000
9 92 151 -0.8448 1.0000
10 86 159 -0.8547 1.0000
11 104 139 -0.5700 0.9999
12 85 184 -0.6172 0.9999
13 105 112 -0.8692 0.9914
14 65 203 -0.9412 0.9951
15 84 90 -1.2435 0.9712
16 31 201 -1.3243 0.9806
17 78 82 -1.3313 0.9060
18 19 201 -1.4186 0.9346
19 73 89 -1.3158 0.9035
20 21 194 -1.4023 0.9278
21 77 92 -1.2545 0.9061
22 25 196 -1.3354 0.9251
23 153 174 0.0135 0.9999
24 144 201 -0.0135 1.0000
25 181 166 0.1817 0.9784
26 160 220 0.2842 0.9815
27 212 170 0.6290 0.9756
28 168 249 0.7708 0.9589
29 218 176 0.6690 0.9274
30 174 244 0.8134 0.8028
31 228 154 0.5490 0.9587
32 185 257 0.6922 0.9043
