0 183 95 -0.5280 1.0000
1 184 85 -0.5110 1.0000
2 188 83 -0.5110 1.0000
3 191 82 -0.5111 1.0000
4 175 89 -0.4991 1.0000
5 173 90 -0.4993 1.0000
6 170 91 -0.4993 1.0000
7 197 78 -0.3389 1.0000
8 167 90 -0.2780 1.0000
9 194 100 -0.4563 1.0000
10 182 104 -0.4388 1.0000
11 236 98 -0.2452 1.0000
12 160 120 -0.0935 1.0000
13 272 148 -0.2458 0.9991
14 150 183 -0.2960 0.9840
15 259 204 -0.3357 0.9770
16 181 154 -0.6156 0.9553
17 262 222 -0.3794 0.9322
18 192 142 -0.6877 0.8686
19 251 221 -0.4161 0.9308
20 190 135 -0.6652 0.8459
21 249 216 -0.3464 0.9298
22 188 138 -0.6103 0.8009
23 234 187 -0.0757 1.0000
24 191 185 0.0758 1.0000
25 215 209 -0.6182 0.9942
26 141 200 -0.3832 0.9916
27 157 234 -0.8880 0.8329
28 70 224 -0.9092 0.9752
29 149 240 -0.9132 0.9115
30 68 233 -0.9623 0.9875
31 119 222 -1.0449 0.9655
32 49 200 -1.1063 0.9945
