0 108 146 -0.3423 1.0000
1 104 139 -0.3121 0.9999
2 105 137 -0.3122 0.9999
3 106 136 -0.3123 0.9999
4 99 145 -0.3299 0.9999
5 97 148 -0.3299 0.9999
6 95 150 -0.3299 0.9999
7 107 136 -0.1007 0.9999
8 90 157 -0.1924 1.0000
9 115 148 -0.2594 1.0000
10 111 154 -0.2865 1.0000
11 139 141 -0.0113 1.0000
12 95 193 -0.0775 1.0000
13 193 138 -0.2386 0.9892
14 89 234 -0.3041 0.9889
15 145 151 -0.6203 0.9969
16 83 244 -0.6860 0.9861
17 131 148 -0.6900 0.9925
18 75 250 -0.7587 0.9667
19 127 148 -0.6709 0.9920
20 77 244 -0.7556 0.9669
21 131 150 -0.6192 0.9876
22 82 241 -0.6945 0.9636
23 217 188 0.0435 0.9998
24 199 221 -0.0436 0.9995
25 289 198 0.0416 0.9798
26 271 232 -0.1518 0.9520
27 330 220 0.3382 0.9189
28 293 222 0.3718 0.3724
29 336 225 0.3689 0.6980
30 288 217 0.4293 0.2727
31 367 234 0.2762 0.8937
32 322 223 0.4012 0.3633
