0 199 98 -0.0652 0.9981
1 201 98 -0.0731 0.9975
2 201 98 -0.0731 0.9971
3 201 99 -0.0731 0.9975
4 201 98 -0.0631 0.9954
5 201 98 -0.0632 0.9945
6 201 98 -0.0632 0.9947
7 201 101 -0.0883 0.9970
8 201 100 -0.0432 0.9943
9 198 99 -0.0687 0.9990
10 198 99 -0.0556 0.9966
11 194 105 -0.0983 1.0000
12 198 102 -0.0077 0.9994
13 193 95 -0.0982 0.9688
14 202 95 0.0098 0.6345
15 197 85 -0.0948 0.9534
16 207 89 0.0051 0.7063
17 197 83 -0.1060 0.9372
18 208 87 0.0061 0.6341
19 198 83 -0.1057 0.9346
20 209 87 -0.0043 0.6160
21 198 84 -0.0945 0.8942
22 208 87 0.0005 0.5950
23 182 95 -0.0351 1.0000
24 185 94 0.0351 0.9991
25 186 80 -0.0824 0.9939
26 194 82 0.0192 0.4026
27 183 63 -0.0956 0.9927
28 193 70 0.0393 0.3361
29 179 62 -0.0973 0.9795
30 191 69 0.0403 0.3380
31 187 58 -0.1253 0.9854
32 199 66 0.0234 0.4466
