0 168 61 -0.3654 0.9999
1 170 57 -0.3479 0.9996
2 172 57 -0.3479 0.9996
3 173 57 -0.3479 0.9996
4 166 58 -0.3461 0.9995
5 165 58 -0.3462 0.9995
6 164 58 -0.3462 0.9994
7 176 59 -0.2188 0.9994
8 164 59 -0.2148 0.9990
9 171 64 -0.3160 0.9999
10 166 65 -0.3149 0.9998
11 188 83 -0.1181 0.9999
12 154 79 -0.1261 0.9996
13 198 110 -0.0562 0.9862
14 146 106 -0.1643 0.9247
15 200 135 -0.1486 0.9653
16 140 108 -0.3960 0.9320
17 201 143 -0.1772 0.9269
18 137 112 -0.4447 0.9134
19 198 143 -0.2090 0.9321
20 138 108 -0.4763 0.9205
21 197 141 -0.1624 0.9261
22 140 108 -0.4152 0.9118
23 180 135 0.0098 0.9984
24 159 135 -0.0098 0.9972
25 180 172 0.0188 0.8298
26 168 170 0.0003 0.7404
27 179 213 0.1888 0.7759
28 174 204 0.2170 0.6074
29 180 219 0.1978 0.6083
30 175 207 0.2329 0.3907
31 185 228 0.0584 0.7418
32 178 217 0.0926 0.6038
