0 148 181 0.0852 0.9992
1 149 180 0.0713 0.9992
2 149 180 0.0713 0.9986
3 149 180 0.0713 0.9990
4 149 180 0.0803 0.9993
5 150 180 0.0803 0.9992
6 150 180 0.0802 0.9995
7 149 180 0.0190 0.9983
8 151 181 0.0608 0.9982
9 148 182 0.0674 0.9974
10 148 182 0.0792 0.9980
11 146 186 -0.0487 0.9997
12 152 189 0.0788 0.9992
13 136 184 -0.0250 0.9648
14 142 187 0.0919 0.7410
15 132 182 0.0642 0.7472
16 133 183 0.0565 0.8092
17 129 180 0.0636 0.5804
18 131 182 0.0581 0.7523
19 129 180 0.0708 0.5657
20 130 181 0.0437 0.7635
21 129 180 0.0690 0.5456
22 131 182 0.0500 0.7210
23 140 204 -0.0535 0.9995
24 142 205 0.0534 0.9996
25 126 201 -0.0540 0.9953
26 127 198 0.0410 0.8366
27 123 218 -0.0058 0.9536
28 112 200 0.0243 0.9275
29 123 221 -0.0004 0.8527
30 110 202 0.0214 0.9212
31 114 217 -0.0144 0.8943
32 107 196 0.0011 0.9266
