0 146 233 -0.6365 0.9942
1 150 232 -0.6491 0.9888
2 151 232 -0.6490 0.9861
3 152 232 -0.6490 0.9878
4 144 232 -0.6816 0.9935
5 141 231 -0.6819 0.9940
6 141 230 -0.6821 0.9949
7 157 224 -0.5843 0.9809
8 142 223 -0.7373 0.9922
9 147 229 -0.5978 0.9922
10 141 225 -0.6433 0.9949
11 176 207 -0.3784 0.9976
12 131 201 -0.7149 0.9999
13 175 208 -0.1214 0.2404
14 106 220 -0.7388 0.9731
15 159 214 0.0722 0.0741
16 101 249 -0.6489 0.8773
17 158 215 0.0894 0.0698
18 97 254 -0.6968 0.8502
19 154 214 0.0509 0.0731
20 101 253 -0.7013 0.8487
21 152 213 0.0645 0.0955
22 106 248 -0.6502 0.8075
23 153 143 0.1435 0.9986
24 137 137 -0.1440 0.9999
25 153 143 0.5996 0.0678
26 132 83 -0.1266 0.9730
27 160 120 0.9686 0.1015
28 171 40 -0.0481 0.9918
29 162 116 1.0089 0.1632
30 183 36 -0.0362 0.9809
31 152 113 1.0339 0.1846
32 166 16 -0.1385 0.9836
