0 235 105 -1.2026 1.0000
1 242 98 -1.2021 1.0000
2 245 98 -1.2020 1.0000
3 248 97 -1.2023 1.0000
4 232 97 -1.2091 1.0000
5 228 95 -1.2094 1.0000
6 226 94 -1.2094 1.0000
7 254 92 -1.0179 1.0000
8 221 85 -1.0402 1.0000
9 239 109 -1.1147 1.0000
10 229 108 -1.1206 1.0000
11 273 101 -0.7967 1.0000
12 196 80 -0.7656 1.0000
13 281 155 -0.8111 0.9985
14 179 138 -0.8428 0.9935
15 293 211 -1.0131 0.9963
16 177 203 -1.0266 0.9879
17 303 224 -1.1050 0.9928
18 165 217 -1.1133 0.9729
19 292 224 -1.1629 0.9938
20 175 218 -1.1553 0.9714
21 282 220 -1.0437 0.9915
22 182 214 -1.0488 0.9546
23 231 150 -0.0564 1.0000
24 195 137 0.0567 1.0000
25 216 162 -0.4611 0.9912
26 125 106 -0.2741 0.9559
27 135 162 -0.2246 0.9787
28 73 150 -0.1402 0.9021
29 122 161 -0.2040 0.8857
30 67 161 -0.1360 0.6342
31 114 160 -0.3923 0.9527
32 48 149 -0.3191 0.8193
