0 286 150 -0.2601 0.9985
1 294 149 -0.2742 0.9984
2 296 151 -0.2743 0.9983
3 297 153 -0.2745 0.9988
4 292 146 -0.2354 0.9973
5 292 145 -0.2353 0.9961
6 293 144 -0.2352 0.9962
7 305 159 -0.2099 0.9991
8 299 148 -0.0240 0.9960
9 285 157 -0.2226 0.9996
10 283 153 -0.1693 0.9990
11 301 198 -0.1379 1.0000
12 278 147 0.2128 0.9988
13 289 236 -0.2595 0.9982
14 282 124 0.6378 0.3013
15 260 237 -0.4664 0.9890
16 281 125 0.8523 0.1441
17 252 237 -0.5135 0.9710
18 282 130 0.8959 0.1257
19 252 230 -0.5211 0.9715
20 283 130 0.8563 0.1320
21 254 230 -0.4682 0.9509
22 282 131 0.8430 0.1386
23 190 202 -0.1098 0.9999
24 195 170 0.1105 0.9998
25 114 197 -0.1445 0.9985
26 168 112 -0.1935 0.9910
27 46 182 0.1388 0.9943
28 121 62 -0.2100 0.9868
29 41 178 0.1631 0.9627
30 106 60 -0.2194 0.9608
31 27 177 -0.0142 0.9848
32 121 32 -0.4028 0.9870
