0 183 78 -0.3832 0.9999
1 190 75 -0.4247 0.9999
2 191 76 -0.4246 0.9999
3 193 77 -0.4246 0.9999
4 189 74 -0.3483 0.9997
5 189 74 -0.3484 0.9996
6 189 74 -0.3484 0.9996
7 200 83 -0.4747 0.9999
8 196 79 -0.1308 0.9994
9 184 85 -0.3919 0.9999
10 182 83 -0.2921 0.9996
11 202 113 -0.5626 1.0000
12 181 93 0.1502 0.9998
13 182 143 -0.7977 0.9934
14 159 67 0.3452 0.9890
15 157 171 -1.0231 0.9802
16 137 37 0.2244 0.9909
17 152 183 -1.1053 0.9555
18 131 28 0.2252 0.9676
19 149 180 -1.1332 0.9580
20 130 27 0.1407 0.9713
21 149 176 -1.0370 0.9418
22 132 30 0.1774 0.9731
23 149 162 -0.2516 1.0000
24 137 149 0.2516 0.9999
25 91 168 -0.5601 0.9973
26 87 160 0.3654 0.8988
27 61 229 -0.3506 0.9972
28 50 177 0.7112 0.9055
29 68 240 -0.3354 0.9806
30 44 189 0.7343 0.8115
31 35 236 -0.5537 0.9955
32 23 162 0.5989 0.9361
