0 65 85 -0.3569 1.0000
1 62 85 -0.3028 1.0000
2 62 84 -0.3028 1.0000
3 62 83 -0.3029 1.0000
4 62 89 -0.3368 1.0000
5 62 91 -0.3370 1.0000
6 62 93 -0.3371 1.0000
7 65 84 -0.0204 1.0000
8 66 98 -0.1743 1.0000
9 70 83 -0.2522 1.0000
10 70 88 -0.2956 1.0000
11 95 79 0.2101 1.0000
12 85 115 -0.2059 1.0000
13 99 50 -0.0351 0.9916
14 111 138 -0.5127 0.9761
15 69 43 -0.4344 0.9948
16 107 155 -0.9698 0.9873
17 60 43 -0.4978 0.9872
18 102 162 -1.0529 0.9810
19 58 46 -0.4805 0.9860
20 99 159 -1.0844 0.9810
21 61 47 -0.4415 0.9823
22 101 157 -0.9905 0.9767
23 159 131 0.1888 1.0000
24 151 141 -0.1895 1.0000
25 198 167 0.1826 0.7318
26 210 168 -0.4201 0.9945
27 164 213 0.5263 0.7892
28 169 216 -0.0619 0.9766
29 152 215 0.5579 0.8134
30 156 217 -0.0228 0.9781
31 164 231 0.5174 0.8043
32 179 245 -0.0651 0.9699
