0 76 156 -0.3544 0.9998
1 74 145 -0.3483 0.9997
2 76 142 -0.3483 0.9996
3 78 139 -0.3484 0.9996
4 67 150 -0.3567 0.9998
5 64 151 -0.3568 0.9997
6 61 152 -0.3570 0.9998
7 79 136 -0.1889 0.9996
8 57 153 -0.2360 0.9999
9 83 156 -0.2834 0.9999
10 75 163 -0.2983 1.0000
11 108 136 -0.0836 0.9999
12 57 198 -0.1229 1.0000
13 155 136 -0.2765 0.8898
14 56 240 -0.3608 0.9835
15 94 140 -0.5378 0.9372
16 43 253 -0.7188 0.9731
17 77 135 -0.5793 0.8981
18 35 259 -0.7793 0.9371
19 73 135 -0.5508 0.8878
20 37 253 -0.7737 0.9365
21 79 138 -0.5312 0.8563
22 43 250 -0.7277 0.9350
23 197 186 0.0287 0.9999
24 179 228 -0.0289 0.9999
25 285 198 0.0227 0.9936
26 267 235 -0.0695 0.9839
27 333 223 0.3574 0.9478
28 289 234 0.4943 0.5880
29 336 229 0.3932 0.6384
30 282 231 0.5593 0.3469
31 368 239 0.3096 0.9298
32 326 238 0.5670 0.6439
