0 271 167 -0.3619 0.9980
1 277 168 -0.3824 0.9972
2 279 167 -0.3825 0.9972
3 282 166 -0.3825 0.9965
4 272 170 -0.3985 0.9982
5 271 170 -0.3986 0.9983
6 269 170 -0.3988 0.9981
7 284 155 -0.3548 0.9967
8 266 162 -0.4291 0.9983
9 269 161 -0.3377 0.9983
10 265 162 -0.3595 0.9984
11 300 116 -0.3500 0.9985
12 228 141 -0.4170 0.9995
13 365 127 -0.4799 0.9672
14 245 190 -0.5685 0.9743
15 331 173 -0.6744 0.6488
16 294 192 -0.7243 0.8966
17 336 182 -0.7380 0.5568
18 309 196 -0.7852 0.8362
19 325 179 -0.7433 0.5549
20 309 187 -0.8001 0.8436
21 321 175 -0.6827 0.6065
22 304 184 -0.7364 0.8479
23 204 69 0.0727 0.9957
24 171 57 -0.0725 0.9991
25 176 81 0.3061 0.0744
26 82 34 -0.0623 0.8543
27 148 61 0.5371 0.0454
28 146 0 0.2901 0.3215
29 143 57 0.5658 0.0624
30 161 3 0.3382 0.4888
31 135 66 0.6524 0.0352
32 145 -9 0.4325 0.2065
