0 49 28 -0.3149 0.9998
1 45 25 -0.2796 0.9998
2 46 25 -0.2798 0.9998
3 47 24 -0.2801 0.9998
4 42 29 -0.3133 0.9999
5 41 31 -0.3135 0.9999
6 40 32 -0.3137 0.9999
7 49 30 -0.1042 0.9999
8 40 41 -0.2622 0.9999
9 56 30 -0.2481 0.9997
10 52 34 -0.2954 0.9998
11 83 46 0.0449 0.9953
12 58 71 -0.3240 0.9998
13 82 -1 0.0513 0.3283
14 51 73 -0.5158 0.7468
15 59 -39 -0.0160 0.2178
16 44 71 -0.6357 0.2203
17 52 -46 -0.0212 0.1782
18 42 73 -0.6879 0.1951
19 48 -45 -0.0428 0.1729
20 43 69 -0.6771 0.1809
21 51 -41 -0.0316 0.1832
22 44 69 -0.6383 0.1740
23 150 109 0.1461 0.9988
24 133 129 -0.1461 0.9998
25 217 72 -0.0242 0.9538
26 198 152 -0.5175 0.9990
27 304 58 -0.0093 0.9649
28 280 208 -0.6191 0.9994
29 318 65 -0.0200 0.9427
30 289 225 -0.6438 0.9925
31 327 14 -0.1813 0.9644
32 321 191 -0.9357 0.9978
