0 112 168 -0.5657 0.9999
1 105 167 -0.5524 0.9998
2 104 166 -0.5524 0.9997
3 103 165 -0.5526 0.9997
4 107 173 -0.5712 0.9999
5 108 176 -0.5714 0.9999
6 108 179 -0.5715 0.9999
7 103 168 -0.4191 0.9994
8 109 189 -0.5034 1.0000
9 116 167 -0.5093 0.9999
10 118 173 -0.5337 1.0000
11 107 162 -0.2484 0.9999
12 143 206 -0.4161 1.0000
13 97 136 -0.1451 0.7783
14 188 224 -0.3369 0.9892
15 103 164 0.0095 0.2260
16 197 197 -0.2286 0.9084
17 103 170 0.0247 0.0883
18 205 190 -0.2286 0.7999
19 105 172 0.0430 0.0878
20 199 187 -0.2306 0.8090
21 107 170 0.0195 0.0916
22 196 188 -0.2218 0.7534
23 171 158 0.0621 0.9999
24 197 181 -0.0623 0.9999
25 170 109 -0.1777 0.9970
26 252 144 -0.2487 0.9949
27 194 48 -0.1383 0.9949
28 243 132 0.2194 0.7405
29 203 45 -0.1323 0.9695
30 232 133 0.2755 0.5796
31 213 26 -0.1907 0.9879
32 253 112 0.3085 0.7181
