0 75 201 0.1219 0.9921
1 70 203 0.0788 0.9896
2 70 203 0.0787 0.9893
3 70 204 0.0788 0.9915
4 69 202 0.1196 0.9899
5 69 201 0.1196 0.9862
6 71 203 0.1193 0.9908
7 70 204 -0.0355 0.9828
8 69 202 0.1509 0.9894
9 78 201 0.0918 0.9904
10 77 197 0.1453 0.9841
11 82 205 -0.2111 0.9998
12 69 183 0.2953 0.9965
13 112 234 -0.3373 0.9966
14 74 148 0.4446 0.0494
15 146 245 -0.1257 0.9665
16 103 124 0.5531 0.0206
17 160 253 -0.1398 0.9251
18 110 119 0.5785 0.0260
19 160 251 -0.0964 0.9225
20 112 118 0.5415 0.0262
21 156 249 -0.1037 0.8823
22 109 120 0.5417 0.0284
23 110 120 -0.1815 0.9999
24 103 117 0.1801 0.9994
25 151 88 -0.2189 0.9952
26 122 81 0.3715 0.8118
27 180 37 -0.2318 0.9980
28 89 39 0.5886 0.9168
29 180 25 -0.2305 0.9943
30 79 34 0.6152 0.9546
31 206 36 -0.3308 0.9924
32 102 12 0.6378 0.9066
