0 64 19 0.1172 0.9946
1 65 18 0.0541 0.9953
2 64 17 0.0540 0.9952
3 64 17 0.0539 0.9941
4 66 18 0.0792 0.9969
5 66 18 0.0792 0.9971
6 66 18 0.0790 0.9972
7 64 18 -0.1391 0.9951
8 67 20 -0.0230 0.9980
9 64 21 0.0612 0.9860
10 65 21 0.0946 0.9900
11 57 26 -0.2185 0.9978
12 69 33 -0.0209 0.9994
13 46 25 -0.1253 0.9891
14 69 45 0.1293 0.9672
15 40 18 0.1172 0.8611
16 70 51 0.2946 0.5677
17 38 18 0.1143 0.7814
18 70 52 0.3034 0.4642
19 39 17 0.1269 0.7729
20 70 51 0.2990 0.4467
21 40 17 0.1309 0.6596
22 70 51 0.2974 0.4286
23 46 48 -0.0807 0.9875
24 51 52 0.0802 0.9948
25 31 49 0.1941 0.7561
26 40 61 0.3299 0.7307
27 23 61 0.5157 0.5945
28 31 73 0.5347 0.5870
29 23 63 0.5510 0.5385
30 28 77 0.5565 0.6907
31 20 58 0.5783 0.4898
32 29 75 0.5416 0.3788
