0 284 214 -0.0060 0.9995
1 287 217 -0.0320 0.9995
2 287 217 -0.0321 0.9994
3 286 216 -0.0320 0.9995
4 286 218 0.0010 0.9994
5 286 218 0.0010 0.9992
6 286 219 0.0010 0.9995
7 283 217 -0.1093 0.9987
8 282 220 0.0416 0.9993
9 280 213 -0.0312 0.9988
10 280 213 0.0118 0.9990
11 262 202 -0.2238 0.9994
12 261 208 0.1343 0.9991
13 294 183 -0.3245 0.9869
14 286 213 0.2723 0.1650
15 327 171 -0.3000 0.9765
16 323 218 0.3222 0.5236
17 335 165 -0.3357 0.9561
18 330 220 0.3306 0.5547
19 337 167 -0.3155 0.9529
20 331 220 0.3071 0.5598
21 333 170 -0.2916 0.9158
22 328 220 0.3117 0.5579
23 196 157 -0.1181 1.0000
24 207 152 0.1182 1.0000
25 168 114 -0.0453 0.9979
26 234 111 -0.0510 0.9935
27 143 142 0.2523 0.9887
28 181 109 0.0052 0.9832
29 141 153 0.2875 0.9315
30 176 113 0.0109 0.9648
31 125 128 0.2752 0.9801
32 162 97 -0.0285 0.9778
