0 132 134 0.1788 0.9991
1 129 135 0.1706 0.9987
2 129 135 0.1706 0.9987
3 128 135 0.1705 0.9986
4 130 134 0.1532 0.9992
5 131 134 0.1531 0.9993
6 131 134 0.1530 0.9993
7 126 139 0.1269 0.9975
8 130 136 0.0484 0.9994
9 132 137 0.1667 0.9979
10 133 136 0.1433 0.9984
11 128 152 0.1320 0.9998
12 139 137 -0.0372 1.0000
13 130 138 0.2095 0.4775
14 158 137 -0.0306 0.9244
15 132 123 0.2681 0.8344
16 172 127 0.0823 0.7116
17 132 118 0.2847 0.7586
18 176 125 0.0933 0.6418
19 131 118 0.2736 0.7655
20 176 124 0.0955 0.6291
21 132 120 0.2635 0.7488
22 173 126 0.0877 0.5693
23 171 162 0.0611 1.0000
24 170 150 -0.0615 1.0000
25 196 149 0.1792 0.8324
26 178 130 -0.0506 0.9802
27 216 140 0.1862 0.9346
28 203 126 -0.0995 0.9753
29 223 141 0.1863 0.9488
30 208 128 -0.1024 0.9484
31 217 134 0.1608 0.8736
32 205 127 -0.1309 0.9444
