0 58 28 -0.3857 0.9994
1 62 24 -0.3889 0.9994
2 63 24 -0.3889 0.9993
3 65 24 -0.3889 0.9994
4 59 23 -0.2988 0.9995
5 58 23 -0.2986 0.9994
6 57 23 -0.2984 0.9995
7 71 26 -0.2416 0.9990
8 60 25 0.1656 0.9991
9 61 33 -0.3174 0.9986
10 56 32 -0.2015 0.9988
11 74 45 -0.5509 0.9981
12 55 49 0.5917 0.9979
13 56 50 -1.2050 0.9742
14 39 71 0.3055 0.4751
15 29 40 -1.4088 0.9685
16 28 75 -0.6473 0.7542
17 22 34 -1.5878 0.9458
18 26 78 -0.7652 0.7580
19 23 32 -1.4914 0.9426
20 26 76 -0.8516 0.7649
21 25 35 -1.3746 0.9235
22 29 75 -0.7092 0.7469
23 67 110 -0.3808 0.9329
24 55 108 0.3815 0.8953
25 45 81 -0.7073 0.7146
26 31 78 0.6198 0.2737
27 22 92 -0.2672 0.2316
28 21 87 0.5894 0.1418
29 21 95 -0.2208 0.2605
30 20 92 0.5910 0.2221
31 9 80 -0.3062 0.2727
32 11 78 0.5448 0.1852
