0 292 92 -0.1015 1.0000
1 300 87 -0.1168 0.9999
2 302 88 -0.1167 0.9999
3 304 89 -0.1168 1.0000
4 297 86 -0.0805 0.9999
5 296 86 -0.0806 0.9999
6 296 85 -0.0807 1.0000
7 313 96 -0.1243 1.0000
8 302 90 0.0450 0.9999
9 294 100 -0.0995 1.0000
10 289 97 -0.0506 1.0000
11 319 145 -0.1351 1.0000
12 276 109 0.1640 1.0000
13 299 211 -0.2479 0.9993
14 232 113 0.2528 0.9483
15 260 180 -0.3647 0.9932
16 198 85 0.1265 0.9513
17 247 170 -0.4014 0.9763
18 184 78 0.1023 0.9035
19 252 161 -0.3836 0.9753
20 182 77 0.0654 0.9108
21 258 163 -0.3558 0.9647
22 188 80 0.1050 0.9110
23 231 194 -0.1063 0.9997
24 220 166 0.1063 0.9997
25 139 162 -0.1760 0.9940
26 134 157 0.0385 0.9344
27 131 225 0.0130 0.9649
28 57 173 0.0976 0.9588
29 138 236 0.0379 0.9328
30 45 187 0.1012 0.9179
31 92 241 0.0176 0.9416
32 27 145 0.0163 0.9222
