0 94 199 0.2772 0.9926
1 90 201 0.2379 0.9932
2 90 202 0.2378 0.9927
3 91 203 0.2380 0.9928
4 88 199 0.2632 0.9940
5 88 198 0.2632 0.9922
6 87 197 0.2630 0.9943
7 92 204 0.1146 0.9899
8 88 196 0.2291 0.9945
9 98 200 0.2447 0.9901
10 97 197 0.2767 0.9880
11 110 207 -0.0844 0.9999
12 98 179 0.3319 0.9978
13 134 229 -0.2653 0.9974
14 100 144 0.5002 0.0747
15 172 250 -0.1932 0.9874
16 125 129 0.6685 0.0327
17 186 256 -0.2275 0.9654
18 132 126 0.6988 0.0418
19 187 254 -0.1849 0.9635
20 133 127 0.6719 0.0430
21 173 250 -0.1757 0.9306
22 131 128 0.6618 0.0481
23 139 123 -0.1613 1.0000
24 133 118 0.1602 0.9997
25 183 90 -0.1618 0.9954
26 155 84 0.3417 0.8394
27 211 36 -0.0877 0.9982
28 118 40 0.6085 0.9162
29 211 24 -0.0774 0.9959
30 108 36 0.6400 0.9503
31 237 38 -0.1754 0.9938
32 131 12 0.6387 0.8820
