0 312 31 -0.0327 0.9669
1 311 30 -0.0252 0.9575
2 311 30 -0.0252 0.9532
3 311 30 -0.0253 0.9626
4 310 30 -0.0393 0.9701
5 310 30 -0.0392 0.9697
6 310 30 -0.0393 0.9677
7 308 29 0.0166 0.9425
8 307 29 -0.0464 0.9393
9 311 32 -0.0144 0.9368
10 310 32 -0.0326 0.8943
11 306 36 0.0722 0.9989
12 304 33 -0.0833 0.9959
13 319 44 0.0898 0.7813
14 316 37 -0.1572 0.9465
15 335 55 0.0423 0.9200
16 319 17 -0.2020 0.9654
17 340 54 0.0420 0.8779
18 320 13 -0.2235 0.9426
19 340 54 0.0227 0.8933
20 319 13 -0.2172 0.9403
21 339 55 0.0326 0.8830
22 319 15 -0.2016 0.9141
23 293 64 0.0563 0.9988
24 290 60 -0.0564 0.9983
25 284 90 0.0652 0.6389
26 285 88 -0.0994 0.9581
27 267 110 0.0921 0.7582
28 263 104 -0.0928 0.9745
29 260 111 0.0926 0.8002
30 258 103 -0.0918 0.9603
31 267 117 0.0670 0.7944
32 261 116 -0.1278 0.9684
