0 222 215 -0.1388 1.0000
1 227 215 -0.1024 1.0000
2 227 216 -0.1025 1.0000
3 227 216 -0.1025 1.0000
4 228 211 -0.1210 1.0000
5 229 209 -0.1210 1.0000
6 230 206 -0.1210 1.0000
7 226 212 0.0890 1.0000
8 230 195 0.0036 1.0000
9 215 214 -0.0676 1.0000
10 216 209 -0.0930 1.0000
11 181 205 0.1639 1.0000
12 225 164 0.0447 1.0000
13 144 193 -0.1553 0.7524
14 238 119 -0.1399 0.9866
15 140 209 -0.5783 0.9557
16 246 72 -0.3129 0.9745
17 139 213 -0.6374 0.9519
18 248 58 -0.3362 0.9474
19 146 214 -0.6451 0.9581
20 246 59 -0.3788 0.9537
21 147 212 -0.5909 0.9454
22 243 64 -0.3344 0.9570
23 134 150 0.0712 0.9992
24 154 122 -0.0708 0.9990
25 103 200 -0.3410 0.9828
26 152 132 -0.7173 0.9957
27 31 165 -0.4582 0.9719
28 92 78 -0.7143 0.9911
29 21 151 -0.4815 0.9554
30 86 61 -0.7181 0.9717
31 16 185 -0.6486 0.9685
32 69 64 -0.9115 0.9901
