0 242 105 -1.0330 1.0000
1 250 100 -1.0327 1.0000
2 253 100 -1.0327 1.0000
3 256 100 -1.0330 1.0000
4 240 97 -1.0353 1.0000
5 236 95 -1.0355 1.0000
6 233 93 -1.0356 1.0000
7 262 94 -0.8781 1.0000
8 229 84 -0.8817 1.0000
9 245 110 -0.9588 1.0000
10 235 107 -0.9592 1.0000
11 285 102 -0.6862 1.0000
12 206 83 -0.6287 1.0000
13 293 161 -0.6832 0.9953
14 187 142 -0.6609 0.9754
15 304 220 -0.8622 0.9883
16 185 204 -0.8293 0.9702
17 313 231 -0.9386 0.9771
18 174 219 -0.9042 0.9411
19 304 231 -0.9938 0.9819
20 184 222 -0.9399 0.9398
21 297 227 -0.8907 0.9773
22 190 219 -0.8483 0.9231
23 224 160 -0.1000 0.9998
24 197 143 0.1005 0.9998
25 152 151 -0.2909 0.9654
26 121 106 -0.0350 0.8250
27 60 165 -0.1373 0.9744
28 61 153 0.1050 0.8163
29 55 169 -0.1282 0.8988
30 57 164 0.1090 0.7029
31 25 152 -0.2920 0.9424
32 22 146 -0.0286 0.7840
