0 175 120 -0.8093 0.9075
1 177 112 -0.7701 0.8897
2 181 113 -0.7703 0.9049
3 188 110 -0.7708 0.8778
4 161 106 -0.8083 0.9066
5 155 105 -0.8087 0.9274
6 156 106 -0.8092 0.9155
7 188 121 -0.4457 0.8506
8 144 110 -0.6317 0.9200
9 174 139 -0.6746 0.7993
10 163 131 -0.7289 0.8596
11 206 156 -0.3226 0.8989
12 112 157 -0.2537 0.9701
13 211 212 -0.0759 0.1345
14 100 199 -0.0037 0.1129
15 219 222 -0.0146 0.0164
16 101 213 0.0116 0.0236
17 219 231 -0.0114 0.0191
18 100 220 0.0219 0.0276
19 215 222 -0.0051 0.0204
20 99 214 -0.0046 0.0293
21 211 219 -0.0078 0.0216
22 102 212 0.0011 0.0324
23 199 269 -0.1048 0.3447
24 145 275 0.1051 0.3757
25 193 336 0.3792 0.2031
26 145 340 0.6047 0.1586
27 200 413 1.1887 0.0711
28 148 418 1.3558 0.1206
29 203 424 1.2579 0.0696
30 152 429 1.4237 0.2341
31 193 444 1.0060 0.0387
32 149 449 1.1273 0.0390
