0 213 59 -0.2133 1.0000
1 219 55 -0.2127 1.0000
2 221 56 -0.2127 1.0000
3 223 56 -0.2128 1.0000
4 214 53 -0.1974 1.0000
5 213 52 -0.1972 1.0000
6 211 51 -0.1972 1.0000
7 227 58 -0.1241 1.0000
8 213 51 -0.0505 1.0000
9 216 64 -0.1748 1.0000
10 210 61 -0.1529 1.0000
11 237 80 -0.0733 1.0000
12 193 61 0.0413 1.0000
13 251 108 -0.1818 0.9974
14 174 50 0.1035 0.9862
15 264 131 -0.4657 0.9953
16 146 41 0.0845 0.9739
17 269 138 -0.5127 0.9872
18 136 41 0.0714 0.9316
19 267 136 -0.5558 0.9894
20 138 42 0.0375 0.9386
21 264 134 -0.4911 0.9906
22 141 43 0.0640 0.9460
23 190 140 -0.0169 0.9998
24 166 128 0.0171 0.9999
25 175 168 -0.0610 0.9944
26 134 177 -0.0673 0.9988
27 192 184 0.2985 0.9896
28 102 220 0.0163 0.9984
29 195 182 0.3334 0.9046
30 100 224 0.0177 0.9578
31 184 209 0.2573 0.9850
32 92 234 -0.1251 0.9958
