0 311 156 -0.3536 1.0000
1 316 163 -0.3523 1.0000
2 315 166 -0.3522 1.0000
3 314 168 -0.3522 1.0000
4 319 156 -0.3435 1.0000
5 320 154 -0.3435 1.0000
6 321 153 -0.3434 1.0000
7 311 172 -0.2620 1.0000
8 322 153 -0.2253 1.0000
9 303 159 -0.3111 1.0000
10 307 150 -0.3012 1.0000
11 281 173 -0.2209 1.0000
12 301 136 -0.0653 1.0000
13 230 175 -0.2051 0.9980
14 261 110 -0.1440 0.8913
15 206 147 -0.2542 0.9958
16 262 116 -0.3897 0.9469
17 196 138 -0.2770 0.9884
18 261 123 -0.4296 0.9190
19 202 134 -0.2751 0.9880
20 267 126 -0.4266 0.9126
21 205 136 -0.2475 0.9839
22 268 126 -0.3916 0.8926
23 201 148 -0.0552 1.0000
24 209 124 0.0548 0.9997
25 132 140 -0.0499 0.9988
26 164 94 0.1723 0.9856
27 68 165 0.0180 0.9989
28 130 75 0.4899 0.9645
29 57 174 0.0170 0.9202
30 125 75 0.5190 0.8019
31 39 142 -0.1395 0.9959
32 101 61 0.4609 0.9534
