0 224 116 -0.5060 0.9996
1 230 114 -0.4795 0.9993
2 231 116 -0.4795 0.9992
3 232 117 -0.4797 0.9993
4 226 109 -0.4836 0.9995
5 224 108 -0.4835 0.9994
6 223 106 -0.4835 0.9993
7 232 119 -0.2996 0.9995
8 217 103 -0.3175 0.9991
9 221 122 -0.4349 0.9994
10 216 116 -0.4401 0.9994
11 221 143 -0.2344 0.9992
12 187 108 -0.2311 0.9940
13 261 152 -0.3510 0.9944
14 156 119 -0.3827 0.6307
15 296 112 -0.3995 0.9829
16 148 130 -0.5836 0.2776
17 304 102 -0.4517 0.9416
18 143 133 -0.6254 0.2405
19 304 98 -0.4325 0.9351
20 146 133 -0.6297 0.2448
21 301 101 -0.4000 0.9476
22 149 133 -0.5923 0.2626
23 148 174 0.0217 0.9988
24 133 148 -0.0219 0.9981
25 109 217 -0.3046 0.9937
26 74 170 -0.0990 0.9753
27 57 209 0.1372 0.9303
28 21 181 0.1658 0.9654
29 57 202 0.1773 0.7111
30 21 183 0.1844 0.7114
31 28 217 0.0421 0.8824
32 1 192 -0.0069 0.9230
