0 170 156 -0.7681 1.0000
1 171 148 -0.7588 1.0000
2 173 147 -0.7587 1.0000
3 176 145 -0.7588 1.0000
4 166 151 -0.7373 1.0000
5 165 152 -0.7375 1.0000
6 164 153 -0.7375 1.0000
7 185 144 -0.6659 0.9999
8 167 154 -0.5671 1.0000
9 180 161 -0.7317 0.9999
10 173 164 -0.7037 1.0000
11 228 152 -0.6369 0.9997
12 187 192 -0.3993 1.0000
13 284 175 -0.7000 0.9812
14 174 241 -0.4002 0.9904
15 279 219 -0.7843 0.9396
16 131 259 -0.4673 0.9949
17 276 231 -0.8597 0.8581
18 114 258 -0.4965 0.9830
19 269 229 -0.8607 0.8609
20 112 253 -0.5261 0.9841
21 269 225 -0.7917 0.8051
22 119 254 -0.4847 0.9840
23 285 157 -0.0740 0.9990
24 281 185 0.0734 0.9999
25 337 102 -0.0055 0.9925
26 338 205 0.3213 0.9542
27 320 39 0.2364 0.9852
28 380 203 0.6835 0.9836
29 311 28 0.2615 0.9465
30 389 196 0.7169 0.9496
31 338 28 0.1792 0.9752
32 395 229 0.6397 0.9703
