0 47 60 0.0929 0.9996
1 47 59 0.0984 0.9991
2 47 59 0.0983 0.9991
3 47 59 0.0983 0.9993
4 47 59 0.0664 0.9996
5 47 59 0.0664 0.9996
6 47 59 0.0663 0.9996
7 46 58 0.1119 0.9982
8 47 59 -0.0317 0.9992
9 47 60 0.1016 0.9987
10 47 60 0.0599 0.9989
11 42 61 0.1619 0.9994
12 45 62 -0.1416 0.9999
13 44 67 0.1863 0.2523
14 47 67 -0.2276 0.9899
15 47 71 0.1381 0.3044
16 52 70 -0.2133 0.9532
17 48 72 0.1401 0.3192
18 53 70 -0.2351 0.9349
19 49 71 0.1227 0.3258
20 54 70 -0.2194 0.9303
21 48 71 0.1280 0.3195
22 53 70 -0.2066 0.8910
23 35 70 0.0969 0.9998
24 38 72 -0.0973 0.9999
25 28 72 0.2549 0.9094
26 37 78 -0.0380 0.9953
27 23 69 0.2711 0.9651
28 32 83 -0.0710 0.9971
29 22 67 0.2746 0.9776
30 31 83 -0.0710 0.9962
31 21 70 0.2613 0.9536
32 34 85 -0.1080 0.9929
