0 146 53 -0.4785 0.9997
1 147 47 -0.4529 0.9997
2 149 46 -0.4528 0.9994
3 151 46 -0.4530 0.9995
4 142 48 -0.4540 0.9998
5 139 49 -0.4542 0.9998
6 137 50 -0.4543 0.9998
7 154 47 -0.2642 0.9989
8 135 53 -0.2724 0.9999
9 152 58 -0.4031 0.9998
10 144 60 -0.4058 0.9999
11 181 62 -0.1066 0.9991
12 130 78 -0.1636 1.0000
13 200 95 -0.1599 0.4991
14 110 116 -0.2546 0.9877
15 188 108 -0.3450 0.4802
16 150 116 -0.4031 0.9162
17 185 115 -0.3836 0.4539
18 162 118 -0.4395 0.8223
19 183 109 -0.3853 0.4427
20 167 112 -0.4259 0.8096
21 183 109 -0.3485 0.3680
22 164 112 -0.3951 0.7519
23 200 129 0.0130 0.9994
24 168 135 -0.0128 0.9993
25 213 146 -0.4975 0.7427
26 145 145 -0.4487 0.8570
27 226 214 -0.4942 0.6598
28 122 210 -0.4987 0.7899
29 229 225 -0.5004 0.6954
30 123 221 -0.5071 0.8167
31 236 227 -0.6755 0.7115
32 108 227 -0.6807 0.8465
