0 125 153 -1.6577 0.9998
1 121 158 -1.6693 0.9999
2 119 158 -1.6693 0.9999
3 116 158 -1.6699 0.9999
4 126 160 -1.6453 0.9998
5 127 161 -1.6456 0.9995
6 128 162 -1.6456 0.9997
7 109 158 -1.4775 0.9999
8 126 165 -1.3720 0.9993
9 121 148 -1.5636 0.9999
10 127 150 -1.5327 0.9997
11 86 136 -1.2208 0.9999
12 142 161 -1.0341 0.9995
13 52 119 -1.2287 0.9951
14 167 193 -0.8531 0.9732
15 32 89 -1.3903 0.9498
16 204 208 -0.8498 0.9438
17 22 82 -1.4755 0.8480
18 212 215 -0.8972 0.8895
19 24 80 -1.5497 0.8604
20 212 215 -0.9665 0.8981
21 30 82 -1.4280 0.8550
22 210 212 -0.8841 0.9257
23 95 111 -0.0674 1.0000
24 121 120 0.0671 0.9999
25 84 73 0.3155 0.8305
26 157 111 0.5210 0.8076
27 78 56 1.1162 0.7968
28 151 115 1.4350 0.1885
29 77 57 1.1998 0.6747
30 149 119 1.5379 0.4302
31 74 28 1.0830 0.7955
32 153 106 1.5724 0.2921
