0 179 58 -0.5778 1.0000
1 184 53 -0.5933 0.9999
2 186 53 -0.5933 0.9999
3 188 54 -0.5935 0.9999
4 181 52 -0.5563 0.9998
5 180 51 -0.5564 0.9998
6 179 51 -0.5562 0.9997
7 200 58 -0.5294 1.0000
8 187 53 -0.3480 0.9994
9 183 66 -0.5430 1.0000
10 178 64 -0.4906 0.9999
11 212 96 -0.4606 1.0000
12 172 71 -0.0919 0.9996
13 239 124 -0.5397 0.9999
14 142 68 0.0754 0.9679
15 224 161 -0.7323 0.9994
16 117 50 -0.0429 0.9718
17 217 170 -0.7930 0.9973
18 109 46 -0.0588 0.9457
19 213 166 -0.8286 0.9976
20 109 44 -0.1337 0.9499
21 215 162 -0.7471 0.9970
22 111 46 -0.0778 0.9498
23 154 147 -0.1458 1.0000
24 144 128 0.1458 0.9992
25 106 169 -0.2957 0.9989
26 98 110 0.1412 0.9614
27 89 225 -0.1134 0.9955
28 45 114 0.2380 0.9771
29 94 234 -0.0998 0.9661
30 35 119 0.2429 0.9555
31 61 237 -0.2545 0.9849
32 35 89 0.1425 0.9761
