0 133 69 -0.2704 1.0000
1 136 61 -0.2319 1.0000
2 138 61 -0.2320 1.0000
3 140 60 -0.2321 1.0000
4 127 64 -0.2416 1.0000
5 124 65 -0.2416 1.0000
6 122 67 -0.2415 1.0000
7 145 62 -0.0300 1.0000
8 118 72 -0.0801 1.0000
9 141 74 -0.1959 1.0000
10 130 79 -0.2105 1.0000
11 174 88 0.0738 0.9979
12 113 117 -0.0207 0.9988
13 209 123 -0.0479 0.3580
14 123 152 -0.1783 0.2416
15 233 145 -0.2897 0.1622
16 129 154 -0.4659 0.2168
17 245 150 -0.3344 0.1741
18 131 158 -0.5184 0.2964
19 242 151 -0.3557 0.1665
20 130 152 -0.5302 0.2884
21 234 149 -0.3046 0.1914
22 132 151 -0.4751 0.2906
23 192 157 0.0438 0.9996
24 157 179 -0.0434 0.9996
25 232 152 -0.4701 0.9362
26 175 185 -0.6472 0.9521
27 260 220 -0.5262 0.8039
28 229 232 -0.6206 0.9437
29 260 235 -0.5426 0.8929
30 238 240 -0.6252 0.9271
31 290 215 -0.7250 0.8843
32 252 241 -0.8234 0.9378
