0 227 97 0.5036 0.9985
1 228 93 0.4971 0.9988
2 227 93 0.4971 0.9986
3 227 92 0.4972 0.9989
4 229 94 0.4784 0.9990
5 230 94 0.4784 0.9988
6 230 94 0.4783 0.9986
7 224 91 0.4480 0.9989
8 229 94 0.3659 0.9986
9 225 98 0.4879 0.9960
10 226 99 0.4643 0.9948
11 198 90 0.3707 0.9999
12 228 104 0.2005 0.9999
13 180 80 0.2563 0.9538
14 250 109 0.0855 0.9835
15 194 92 0.1770 0.2781
16 235 100 0.1006 0.6773
17 197 94 0.1679 0.1795
18 231 96 0.1072 0.4912
19 195 95 0.1829 0.1796
20 232 100 0.1299 0.4781
21 194 95 0.1792 0.2044
22 231 101 0.1138 0.4808
23 168 130 0.0749 1.0000
24 187 136 -0.0757 1.0000
25 137 150 0.0695 0.9388
26 211 162 -0.0588 0.9679
27 98 167 -0.2353 0.9665
28 158 162 -0.2510 0.9581
29 91 166 -0.2708 0.9772
30 150 157 -0.2710 0.9806
31 90 178 -0.2845 0.9133
32 141 171 -0.2418 0.9369
