0 294 57 -0.2875 1.0000
1 299 55 -0.2823 1.0000
2 301 55 -0.2823 1.0000
3 302 56 -0.2825 1.0000
4 294 52 -0.2705 1.0000
5 292 52 -0.2704 1.0000
6 291 51 -0.2703 1.0000
7 306 57 -0.1804 1.0000
8 291 50 -0.1242 1.0000
9 296 63 -0.2447 1.0000
10 290 60 -0.2281 1.0000
11 316 79 -0.1107 1.0000
12 274 61 0.0010 0.9999
13 329 107 -0.1535 0.9989
14 253 47 0.1471 0.9774
15 345 129 -0.3672 0.9976
16 226 39 0.1843 0.9756
17 351 137 -0.4048 0.9902
18 216 40 0.1835 0.9351
19 348 135 -0.4579 0.9924
20 219 41 0.1481 0.9439
21 345 132 -0.3942 0.9925
22 222 42 0.1671 0.9488
23 271 139 -0.0186 0.9998
24 247 128 0.0188 0.9999
25 257 171 -0.1634 0.9919
26 214 176 -0.0801 0.9976
27 272 187 0.2365 0.9499
28 182 218 0.0584 0.9972
29 277 186 0.2738 0.7512
30 180 223 0.0636 0.9348
31 263 212 0.1893 0.9444
32 173 235 -0.0851 0.9931
