0 208 231 -0.1904 0.9971
1 215 226 -0.1668 0.9975
2 215 226 -0.1669 0.9975
3 216 225 -0.1671 0.9983
4 214 225 -0.2181 0.9979
5 214 223 -0.2182 0.9977
6 213 221 -0.2182 0.9982
7 211 218 -0.0573 0.9980
8 209 212 -0.2856 0.9985
9 202 230 -0.1439 0.9955
10 201 228 -0.2093 0.9970
11 180 198 0.0701 0.9962
12 169 204 -0.3523 0.9971
13 123 201 0.0993 0.0159
14 107 192 -0.3067 0.7209
15 93 219 0.0252 0.0157
16 106 225 -0.1125 0.2591
17 86 224 0.0157 0.0288
18 104 233 -0.1202 0.2837
19 86 224 -0.0100 0.0295
20 113 234 -0.1120 0.2793
21 88 222 0.0094 0.0319
22 114 230 -0.1031 0.2721
23 86 192 0.1256 0.9955
24 82 195 -0.1253 0.9962
25 28 178 0.1760 0.0683
26 14 220 -0.1293 0.6337
27 11 139 0.3007 0.1164
28 3 184 0.0977 0.2720
29 10 132 0.3135 0.2095
30 4 177 0.1274 0.4559
31 5 137 0.3073 0.1325
32 0 187 0.1516 0.1967
