0 76 78 -0.0284 1.0000
1 71 76 -0.0025 1.0000
2 71 76 -0.0026 1.0000
3 71 76 -0.0027 1.0000
4 70 77 -0.0611 1.0000
5 69 78 -0.0613 1.0000
6 68 79 -0.0613 1.0000
7 67 83 0.1279 1.0000
8 64 86 -0.1325 1.0000
9 79 83 0.0280 1.0000
10 78 84 -0.0487 0.9999
11 84 111 0.3247 0.9990
12 80 106 -0.2694 0.9998
13 115 98 0.4593 0.4709
14 115 87 -0.3498 0.9858
15 134 72 0.3887 0.6655
16 128 49 -0.2622 0.9857
17 134 67 0.4174 0.6077
18 127 40 -0.3227 0.9734
19 134 66 0.3556 0.6320
20 124 39 -0.2749 0.9701
21 133 66 0.3611 0.6400
22 125 43 -0.2448 0.9537
23 106 179 0.1818 0.9999
24 101 179 -0.1818 0.9999
25 144 146 0.2940 0.5236
26 121 128 -0.1556 0.9917
27 192 145 0.5112 0.7619
28 171 112 0.0980 0.9818
29 199 154 0.5324 0.7539
30 181 116 0.1225 0.9704
31 206 127 0.4834 0.7964
32 177 85 0.0828 0.9710
