0 113 48 -0.3485 1.0000
1 116 47 -0.3184 1.0000
2 116 48 -0.3185 1.0000
3 117 49 -0.3185 1.0000
4 113 45 -0.2993 1.0000
5 112 45 -0.2994 1.0000
6 112 44 -0.2993 1.0000
7 117 51 -0.1397 1.0000
8 111 45 -0.0429 1.0000
9 112 52 -0.2846 1.0000
10 109 49 -0.2561 1.0000
11 110 69 -0.1314 1.0000
12 93 50 0.1345 0.9999
13 107 85 -0.4648 0.9853
14 78 43 -0.0179 0.9462
15 105 95 -0.9309 0.9723
16 67 24 -0.3696 0.9398
17 107 99 -1.0157 0.9589
18 66 18 -0.4202 0.8937
19 106 97 -1.0469 0.9662
20 67 17 -0.4786 0.9061
21 105 95 -0.9541 0.9626
22 67 19 -0.4060 0.9092
23 73 81 -0.1345 1.0000
24 68 70 0.1346 0.9997
25 67 63 -0.6819 0.9947
26 62 45 -0.1392 0.9376
27 34 73 -0.9099 0.9887
28 33 29 -0.3519 0.9644
29 27 78 -0.9361 0.9757
30 26 28 -0.3794 0.9618
31 25 62 -1.1497 0.9872
32 44 15 -0.5488 0.9762
