0 66 19 -0.5687 1.0000
1 68 18 -0.5344 1.0000
2 69 18 -0.5343 1.0000
3 69 19 -0.5345 1.0000
4 67 16 -0.5460 1.0000
5 66 15 -0.5460 1.0000
6 65 14 -0.5461 1.0000
7 68 19 -0.3223 1.0000
8 63 12 -0.3793 1.0000
9 64 21 -0.4879 1.0000
10 62 19 -0.5036 1.0000
11 63 29 -0.1109 1.0000
12 45 14 -0.3463 1.0000
13 68 38 -0.1159 0.7816
14 19 15 -0.3935 0.9918
15 70 22 -0.1503 0.4438
16 24 38 -0.3853 0.9221
17 72 18 -0.1671 0.2912
18 23 43 -0.4039 0.7868
19 71 18 -0.1156 0.2714
20 27 45 -0.3858 0.7804
21 69 19 -0.1322 0.2738
22 28 43 -0.3697 0.7995
23 37 44 0.1196 0.9996
24 24 39 -0.1200 0.9999
25 64 46 0.1244 0.6948
26 29 50 -0.1969 0.9453
27 86 63 0.0470 0.7353
28 22 54 -0.0830 0.8277
29 86 63 0.0400 0.7594
30 20 53 -0.0647 0.8153
31 102 61 0.0128 0.7626
32 26 61 -0.1411 0.8360
