0 62 165 -0.6659 0.9999
1 55 166 -0.6451 0.9998
2 54 165 -0.6451 0.9998
3 53 164 -0.6454 0.9998
4 56 170 -0.6654 0.9999
5 57 173 -0.6656 0.9999
6 59 178 -0.6658 0.9999
7 52 168 -0.4804 0.9995
8 59 189 -0.5702 1.0000
9 65 165 -0.5987 0.9999
10 68 171 -0.6246 1.0000
11 58 163 -0.2800 0.9999
12 96 203 -0.4748 1.0000
13 48 137 -0.1468 0.7494
14 139 223 -0.4112 0.9943
15 56 162 0.0278 0.2758
16 148 196 -0.3368 0.9632
17 64 168 0.0439 0.1194
18 157 187 -0.3513 0.9079
19 61 171 0.0568 0.1209
20 149 185 -0.3549 0.9142
21 62 169 0.0363 0.1294
22 146 187 -0.3316 0.8821
23 121 161 0.0766 0.9999
24 148 182 -0.0770 0.9999
25 120 108 -0.1293 0.9966
26 203 147 -0.2988 0.9959
27 145 50 -0.1550 0.9945
28 188 137 0.1938 0.7796
29 153 46 -0.1562 0.9701
30 183 131 0.2540 0.6092
31 162 27 -0.2105 0.9867
32 204 116 0.3047 0.7705
