0 120 51 0.4438 1.0000
1 122 48 0.5005 1.0000
2 124 47 0.5003 1.0000
3 127 47 0.5000 1.0000
4 116 51 0.4844 1.0000
5 114 53 0.4844 1.0000
6 112 55 0.4844 1.0000
7 130 50 0.6874 1.0000
8 112 61 0.6177 0.9999
9 128 53 0.5055 1.0000
10 120 57 0.4837 0.9999
11 169 70 0.6851 0.9999
12 120 84 0.5274 0.9992
13 205 78 0.5233 0.4173
14 95 98 0.1628 0.7241
15 255 67 0.2456 0.5388
16 78 58 -0.2529 0.8977
17 262 58 0.2278 0.4432
18 73 46 -0.3145 0.8803
19 260 55 0.1810 0.4418
20 74 44 -0.2844 0.8442
21 258 59 0.2175 0.4738
22 77 48 -0.2525 0.8399
23 186 123 0.0933 0.9995
24 161 135 -0.0932 0.9989
25 216 138 -0.6376 0.8767
26 185 138 -0.8126 0.8892
27 261 194 -1.2434 0.5795
28 241 163 -1.3614 0.6356
29 265 207 -1.3205 0.9117
30 246 173 -1.4272 0.9316
31 282 189 -1.6225 0.9305
32 266 148 -1.7265 0.8899
