0 254 84 -0.9573 0.9985
1 267 78 -0.9356 0.9949
2 269 81 -0.9357 0.9950
3 271 83 -0.9359 0.9949
4 259 68 -0.9613 0.9954
5 256 62 -0.9615 0.9959
6 253 56 -0.9616 0.9949
7 267 83 -0.7492 0.9919
8 241 47 -0.8563 0.9970
9 244 95 -0.8773 0.9986
10 234 85 -0.9077 0.9987
11 258 117 -0.5658 0.9997
12 166 53 -0.7371 0.9957
13 289 187 -0.7072 0.9924
14 94 120 -0.7595 0.9835
15 268 212 -1.0819 0.9866
16 92 209 -0.8159 0.9755
17 269 230 -1.1829 0.9651
18 83 228 -0.8880 0.9428
19 250 222 -1.1738 0.9711
20 101 232 -0.8955 0.9445
21 245 213 -1.0881 0.9686
22 106 226 -0.8168 0.9294
23 136 163 0.0126 0.9844
24 99 127 -0.0125 0.9663
25 81 187 0.4031 0.1651
26 38 143 0.3935 0.2909
27 43 196 0.9706 0.0608
28 -1 145 0.9463 0.0845
29 39 195 1.0243 0.0420
30 -4 144 0.9986 0.0577
31 27 216 0.9289 0.0854
32 -23 173 0.8738 0.1079
