0 95 34 -0.9342 0.9974
1 95 41 -0.9617 0.9962
2 93 43 -0.9620 0.9977
3 92 45 -0.9627 0.9976
4 99 37 -0.9010 0.9945
5 100 36 -0.8999 0.9928
6 101 35 -0.8994 0.9873
7 87 49 -0.7670 0.9988
8 99 37 -0.4715 0.9935
9 88 33 -0.8349 0.9975
10 93 29 -0.7489 0.9947
11 65 48 -0.5264 0.9992
12 96 22 -0.1439 0.9616
13 41 52 -0.8864 0.8895
14 110 8 -0.1952 0.0679
15 16 67 -1.1201 0.9931
16 111 27 -0.4630 0.3753
17 9 70 -1.2193 0.9886
18 114 32 -0.5249 0.3471
19 11 69 -1.2426 0.9910
20 113 34 -0.5128 0.3985
21 14 67 -1.1511 0.9904
22 110 32 -0.4873 0.4391
23 53 -24 -0.0715 0.0408
24 83 -31 0.0756 0.0116
25 43 -85 0.2543 0.0089
26 70 -91 0.3305 0.0030
27 31 -136 0.9012 0.0005
28 57 -144 0.8488 0.0000
29 29 -143 0.9444 0.0005
30 54 -149 0.8844 0.0001
31 29 -153 0.3958 0.0005
32 50 -161 0.2031 0.0001
