0 258 34 -0.3745 1.0000
1 265 32 -0.3720 0.9999
2 267 33 -0.3719 1.0000
3 269 35 -0.3720 0.9999
4 262 30 -0.3398 0.9999
5 262 29 -0.3399 0.9999
6 261 29 -0.3398 0.9999
7 275 43 -0.2969 1.0000
8 266 35 -0.1546 0.9999
9 259 42 -0.3483 1.0000
10 255 38 -0.3057 0.9998
11 276 91 -0.2285 0.9999
12 234 56 -0.0316 0.9996
13 296 138 -0.2803 0.9987
14 211 53 0.2783 0.7755
15 321 185 -0.4637 0.9913
16 215 47 0.5736 0.8122
17 330 196 -0.4780 0.9648
18 215 48 0.6199 0.6570
19 331 198 -0.5547 0.9751
20 219 45 0.6241 0.6628
21 327 195 -0.4984 0.9790
22 218 45 0.5811 0.6539
23 218 156 -0.0237 0.9992
24 185 140 0.0236 0.9997
25 233 176 -0.5174 0.9861
26 132 164 -0.0849 0.9931
27 215 228 -0.2534 0.9865
28 73 214 0.0511 0.9963
29 208 235 -0.2317 0.9667
30 67 228 0.0487 0.9697
31 220 246 -0.3852 0.9830
32 45 202 -0.1333 0.9908
