0 131 73 -0.6972 1.0000
1 133 61 -0.7047 1.0000
2 137 59 -0.7044 0.9999
3 141 57 -0.7045 0.9999
4 124 67 -0.6824 0.9999
5 121 68 -0.6827 0.9999
6 118 70 -0.6827 1.0000
7 149 52 -0.6239 0.9999
8 119 71 -0.5322 1.0000
9 142 75 -0.6598 1.0000
10 131 81 -0.6336 1.0000
11 185 64 -0.6255 0.9996
12 124 84 -0.3162 1.0000
13 209 119 -0.6443 0.9960
14 111 129 -0.3194 0.9448
15 168 149 -0.6109 0.9791
16 97 175 -0.4809 0.9612
17 161 158 -0.6670 0.9431
18 82 180 -0.5343 0.9170
19 154 155 -0.6580 0.9424
20 85 180 -0.5770 0.9188
21 155 152 -0.6094 0.9266
22 92 179 -0.5091 0.9368
23 246 80 -0.0950 0.9987
24 218 106 0.0947 0.9989
25 268 130 -0.3634 0.9935
26 225 158 -0.1906 0.9379
27 347 155 -0.3088 0.9885
28 307 159 -0.0890 0.8905
29 353 152 -0.3031 0.9449
30 317 153 -0.0790 0.8535
31 361 182 -0.4146 0.9720
32 330 185 -0.1420 0.8696
