0 49 31 -0.6520 1.0000
1 53 24 -0.6148 1.0000
2 55 23 -0.6150 0.9999
3 57 23 -0.6151 1.0000
4 45 26 -0.6117 1.0000
5 42 26 -0.6115 0.9999
6 40 27 -0.6115 1.0000
7 60 24 -0.2631 0.9999
8 37 28 -0.2476 1.0000
9 54 35 -0.5066 0.9999
10 46 37 -0.5016 0.9999
11 68 38 -0.0775 0.9983
12 36 46 -0.1955 0.9997
13 81 46 -0.7879 0.8660
14 26 56 -0.7415 0.9034
15 84 27 -1.6263 0.9053
16 14 57 -1.5521 0.9314
17 84 21 -1.8065 0.8743
18 9 57 -1.7155 0.9199
19 82 20 -1.7538 0.8843
20 11 55 -1.7445 0.9315
21 81 26 -1.6415 0.8890
22 14 56 -1.5949 0.9328
23 61 97 0.0385 0.6278
24 41 96 -0.0359 0.7417
25 59 115 -0.0757 0.1476
26 34 117 -0.2506 0.2121
27 55 148 0.2394 0.0182
28 37 150 0.0107 0.0189
29 54 154 0.2571 0.0275
30 38 154 0.0224 0.0248
31 54 157 0.0204 0.0211
32 38 163 -0.2763 0.0163
