0 64 85 -0.3674 1.0000
1 61 85 -0.3130 1.0000
2 61 84 -0.3130 1.0000
3 61 83 -0.3131 1.0000
4 61 89 -0.3515 1.0000
5 61 91 -0.3517 1.0000
6 62 93 -0.3518 1.0000
7 64 84 -0.0284 1.0000
8 64 98 -0.2027 1.0000
9 69 83 -0.2610 1.0000
10 69 88 -0.3106 1.0000
11 94 79 0.2077 1.0000
12 83 115 -0.2346 1.0000
13 98 50 0.0005 0.9946
14 106 136 -0.5540 0.9743
15 69 42 -0.3603 0.9969
16 106 155 -1.0372 0.9860
17 59 42 -0.4191 0.9917
18 101 161 -1.1260 0.9801
19 57 45 -0.4074 0.9911
20 98 159 -1.1609 0.9801
21 60 46 -0.3687 0.9885
22 100 156 -1.0602 0.9753
23 157 132 0.1908 1.0000
24 150 141 -0.1916 1.0000
25 195 169 0.1808 0.7603
26 210 168 -0.3968 0.9944
27 162 213 0.5127 0.8302
28 173 217 -0.0498 0.9841
29 150 215 0.5423 0.8483
30 161 217 -0.0136 0.9856
31 162 235 0.4853 0.8514
32 189 235 -0.0731 0.9791
