0 280 199 -0.3806 1.0000
1 281 206 -0.3719 1.0000
2 280 207 -0.3719 1.0000
3 279 208 -0.3720 1.0000
4 285 203 -0.3876 1.0000
5 288 202 -0.3877 1.0000
6 290 201 -0.3878 1.0000
7 281 210 -0.2520 1.0000
8 298 200 -0.3310 1.0000
9 277 196 -0.3289 1.0000
10 281 192 -0.3519 1.0000
11 261 200 -0.1745 1.0000
12 306 164 -0.2018 1.0000
13 217 187 -0.3028 0.9935
14 286 128 -0.0616 0.9802
15 240 207 -0.5472 0.9977
16 282 100 0.0069 0.9822
17 245 213 -0.5850 0.9943
18 285 90 0.0263 0.9686
19 252 215 -0.5616 0.9937
20 286 92 -0.0044 0.9731
21 251 213 -0.5423 0.9905
22 284 94 -0.0008 0.9731
23 223 154 0.0058 0.9999
24 242 128 -0.0057 0.9999
25 187 132 -0.0650 0.8733
26 212 95 -0.0998 0.7402
27 179 119 0.2874 0.3792
28 193 80 0.1790 0.5370
29 182 117 0.3247 0.3493
30 191 80 0.2071 0.3014
31 162 107 0.3094 0.4484
32 176 67 0.1507 0.5362
