0 187 161 -0.4389 0.9999
1 193 159 -0.4252 0.9999
2 193 159 -0.4256 0.9998
3 194 159 -0.4260 0.9999
4 191 156 -0.4717 0.9999
5 191 155 -0.4717 0.9999
6 190 153 -0.4718 0.9999
7 191 150 -0.3111 0.9999
8 186 145 -0.5206 0.9998
9 182 160 -0.3890 0.9999
10 181 158 -0.4507 0.9998
11 178 143 -0.1696 0.9964
12 157 134 -0.5623 0.9988
13 177 169 0.0007 0.2041
14 135 168 -0.6073 0.9925
15 184 186 0.0492 0.5449
16 157 197 -0.5992 0.9894
17 192 188 0.0380 0.5813
18 163 204 -0.6786 0.9770
19 192 188 -0.0085 0.5940
20 170 201 -0.6740 0.9777
21 188 189 0.0293 0.5968
22 167 198 -0.6050 0.9691
23 121 114 0.1308 0.9992
24 107 100 -0.1302 0.9996
25 115 156 0.1229 0.8233
26 59 105 -0.0973 0.9766
27 92 140 0.3387 0.6294
28 70 65 0.3670 0.9452
29 91 131 0.3626 0.6603
30 76 59 0.4199 0.9252
31 74 144 0.4078 0.6336
32 58 56 0.4615 0.9120
