0 40 34 -0.4337 0.9999
1 39 32 -0.4167 0.9997
2 40 32 -0.4167 0.9998
3 40 32 -0.4169 0.9998
4 39 33 -0.4109 0.9996
5 39 33 -0.4110 0.9996
6 38 33 -0.4109 0.9995
7 41 30 -0.2926 0.9997
8 40 32 -0.2650 0.9992
9 42 34 -0.3858 0.9998
10 41 35 -0.3775 0.9998
11 50 27 -0.1997 0.9999
12 43 41 -0.2104 0.9998
13 52 16 -0.3217 0.9974
14 40 50 -0.2867 0.9980
15 57 7 -0.5704 0.9961
16 34 59 -0.4560 0.9969
17 59 4 -0.6205 0.9894
18 33 61 -0.5023 0.9896
19 58 4 -0.6535 0.9913
20 33 61 -0.5262 0.9912
21 58 5 -0.5935 0.9913
22 33 61 -0.4751 0.9901
23 69 39 0.0383 0.9995
24 66 46 -0.0381 0.9996
25 74 32 -0.4195 0.9533
26 70 44 -0.6186 0.9915
27 81 45 -0.1471 0.8923
28 86 47 -0.4178 0.9737
29 80 47 -0.1223 0.8795
30 87 48 -0.3984 0.9149
31 88 47 -0.2373 0.9242
32 92 47 -0.5447 0.9784
