0 98 140 -0.2141 0.9969
1 92 137 -0.1985 0.9961
2 92 137 -0.1987 0.9965
3 91 138 -0.1988 0.9970
4 92 139 -0.2657 0.9970
5 91 140 -0.2659 0.9968
6 90 141 -0.2660 0.9974
7 87 145 -0.0908 0.9905
8 86 149 -0.3975 0.9954
9 100 146 -0.1630 0.9963
10 99 148 -0.2532 0.9978
11 99 162 0.1026 0.9997
12 101 182 -0.4997 1.0000
13 149 141 0.2286 0.4593
14 147 154 -0.5799 0.9913
15 178 104 0.1037 0.6849
16 178 108 -0.5517 0.9852
17 188 95 0.1094 0.6420
18 189 97 -0.6091 0.9756
19 188 93 0.0404 0.6734
20 187 93 -0.5869 0.9753
21 184 97 0.0723 0.6583
22 184 97 -0.5387 0.9457
23 181 191 0.1994 0.9968
24 187 205 -0.1990 0.9995
25 211 143 0.2918 0.3817
26 221 146 -0.4048 0.9916
27 254 91 0.4473 0.6156
28 286 98 -0.4984 0.9920
29 270 89 0.4561 0.5955
30 302 96 -0.5174 0.9808
31 246 61 0.3712 0.7611
32 282 59 -0.6911 0.9902
