0 278 139 -0.6037 1.0000
1 287 144 -0.6199 1.0000
2 287 148 -0.6199 1.0000
3 288 153 -0.6202 1.0000
4 287 135 -0.5900 1.0000
5 287 133 -0.5900 1.0000
6 287 131 -0.5901 1.0000
7 287 164 -0.5794 1.0000
8 287 133 -0.4363 1.0000
9 269 147 -0.5771 1.0000
10 269 137 -0.5361 1.0000
11 234 187 -0.4570 1.0000
12 266 137 -0.2765 1.0000
13 164 203 -0.5933 0.8813
14 251 91 -0.2523 0.9194
15 180 231 -0.7840 0.8800
16 276 80 -0.1809 0.7974
17 188 249 -0.8087 0.8132
18 270 74 -0.1346 0.6062
19 199 246 -0.8239 0.7978
20 268 77 -0.1451 0.5593
21 196 237 -0.7923 0.7912
22 269 81 -0.1793 0.6126
23 157 150 -0.0557 1.0000
24 189 130 0.0557 1.0000
25 70 113 -0.2106 0.9982
26 220 67 0.1391 0.9443
27 130 133 0.2776 0.7451
28 257 28 0.0889 0.9469
29 142 133 0.3407 0.8476
30 269 27 0.0898 0.8775
31 127 142 0.4457 0.6334
32 286 14 0.0885 0.8884
