0 136 90 -0.0098 0.9965
1 137 91 -0.0200 0.9964
2 137 91 -0.0200 0.9961
3 137 91 -0.0200 0.9969
4 137 90 -0.0046 0.9961
5 137 90 -0.0046 0.9957
6 137 90 -0.0047 0.9966
7 138 93 -0.0508 0.9943
8 137 92 0.0202 0.9948
9 135 92 -0.0194 0.9961
10 135 92 0.0012 0.9917
11 133 99 -0.0816 0.9999
12 134 95 0.0535 0.9993
13 130 90 -0.0874 0.7745
14 134 85 0.0807 0.3426
15 132 81 -0.0759 0.4117
16 140 77 0.0599 0.4407
17 133 79 -0.0828 0.3868
18 141 76 0.0641 0.3978
19 134 79 -0.0810 0.3826
20 143 76 0.0500 0.4221
21 134 80 -0.0741 0.3053
22 142 76 0.0528 0.4106
23 118 89 -0.0505 0.9997
24 120 88 0.0506 0.9991
25 121 74 -0.1633 0.9882
26 127 75 0.0342 0.6817
27 117 57 -0.2158 0.9913
28 126 61 0.0462 0.7613
29 114 55 -0.2221 0.9829
30 124 59 0.0456 0.8114
31 121 51 -0.2707 0.9914
32 132 56 0.0245 0.8757
