0 190 149 -0.0202 0.9998
1 197 148 -0.0555 0.9998
2 198 149 -0.0554 0.9998
3 199 151 -0.0553 0.9998
4 196 146 0.0082 0.9997
5 196 146 0.0081 0.9996
6 196 145 0.0081 0.9997
7 204 160 -0.1280 0.9998
8 200 153 0.1656 0.9996
9 188 156 -0.0401 0.9999
10 187 153 0.0451 0.9997
11 196 187 -0.2775 0.9999
12 188 158 0.3239 0.9996
13 163 175 -0.4967 0.9823
14 176 119 0.4244 0.9287
15 139 138 -0.6336 0.9725
16 172 79 0.2609 0.9269
17 134 127 -0.7046 0.9507
18 173 66 0.2441 0.8733
19 138 124 -0.6974 0.9510
20 173 65 0.1842 0.8810
21 139 127 -0.6292 0.9226
22 172 70 0.2258 0.8788
23 123 207 -0.2045 0.9987
24 122 192 0.2044 0.9974
25 105 144 -0.5546 0.9843
26 107 133 0.0458 0.8651
27 38 151 -0.6198 0.9690
28 62 87 -0.0990 0.7368
29 27 159 -0.6230 0.9429
30 49 85 -0.1174 0.7614
31 27 122 -0.7490 0.9604
32 70 62 -0.2053 0.7814
