0 179 101 -0.8681 1.0000
1 185 100 -0.8695 1.0000
2 187 101 -0.8695 1.0000
3 188 103 -0.8696 1.0000
4 183 98 -0.8332 1.0000
5 183 98 -0.8334 1.0000
6 182 97 -0.8334 1.0000
7 193 109 -0.7418 1.0000
8 185 101 -0.5690 1.0000
9 179 108 -0.8096 1.0000
10 176 104 -0.7579 0.9999
11 194 139 -0.5956 1.0000
12 163 106 -0.3190 0.9990
13 215 172 -0.7185 0.9997
14 129 91 -0.3584 0.9757
15 219 212 -0.9456 0.9981
16 100 69 -0.5854 0.9551
17 219 225 -1.0048 0.9938
18 92 62 -0.6227 0.9022
19 214 222 -1.0845 0.9954
20 92 61 -0.6942 0.9112
21 213 218 -0.9847 0.9954
22 95 64 -0.6233 0.9165
23 122 154 -0.1850 0.9996
24 116 138 0.1852 0.9984
25 86 99 -0.6883 0.9893
26 65 135 0.3003 0.9822
27 30 73 -0.8710 0.9995
28 47 182 0.5576 0.9851
29 18 73 -0.9007 0.9982
30 49 192 0.5780 0.9864
31 37 42 -1.2026 0.9992
32 19 184 0.4552 0.9738
