0 99 58 0.3341 0.9912
1 95 57 0.2919 0.9939
2 94 57 0.2917 0.9948
3 93 58 0.2915 0.9947
4 97 54 0.2781 0.9955
5 98 54 0.2780 0.9949
6 101 55 0.2779 0.9943
7 93 60 0.1581 0.9984
8 106 57 0.0987 0.9966
9 101 61 0.2961 0.9955
10 103 59 0.2787 0.9935
11 100 85 0.1942 0.9995
12 130 68 -0.0818 0.9999
13 85 111 0.2934 0.9668
14 159 53 -0.0297 0.9958
15 55 109 0.4123 0.8512
16 176 38 0.1231 0.8883
17 46 114 0.4246 0.7645
18 182 35 0.1067 0.7735
19 47 109 0.4242 0.7587
20 179 33 0.1244 0.7681
21 50 108 0.4181 0.6171
22 177 36 0.1331 0.7068
23 135 133 0.1530 0.9999
24 137 136 -0.1535 0.9999
25 192 123 0.0682 0.8092
26 186 161 -0.3263 0.9900
27 206 117 0.3180 0.5487
28 163 175 0.2047 0.5108
29 206 118 0.3515 0.5699
30 155 173 0.2731 0.5467
31 215 113 0.4365 0.4507
32 170 188 0.4124 0.3742
