0 101 57 -0.2550 0.9997
1 102 52 -0.2838 0.9996
2 103 51 -0.2839 0.9997
3 104 51 -0.2839 0.9997
4 101 52 -0.2306 0.9995
5 101 52 -0.2306 0.9994
6 101 51 -0.2306 0.9995
7 111 50 -0.3521 0.9996
8 108 50 -0.1115 0.9993
9 105 60 -0.2754 0.9996
10 104 60 -0.2053 0.9991
11 127 71 -0.4760 0.9993
12 125 68 0.0641 0.9982
13 116 99 -0.6278 0.9882
14 100 77 0.1247 0.4967
15 90 119 -0.6734 0.9866
16 70 87 0.0095 0.8239
17 85 129 -0.7606 0.9800
18 61 85 -0.0015 0.8385
19 82 128 -0.7290 0.9786
20 59 86 -0.0563 0.8386
21 84 124 -0.6646 0.9575
22 62 88 -0.0195 0.8388
23 176 108 -0.1762 0.9995
24 174 107 0.1762 0.9995
25 159 153 -0.1665 0.9802
26 214 133 0.3086 0.9171
27 177 192 -0.0963 0.9982
28 258 154 0.4901 0.9768
29 183 197 -0.0940 0.9969
30 265 155 0.5053 0.9733
31 157 205 -0.2056 0.9958
32 256 177 0.4446 0.9685
