0 202 161 -0.3797 0.9997
1 208 158 -0.3708 0.9996
2 208 158 -0.3712 0.9995
3 208 158 -0.3717 0.9997
4 206 157 -0.4086 0.9997
5 205 155 -0.4086 0.9997
6 205 154 -0.4087 0.9997
7 206 150 -0.2804 0.9996
8 201 145 -0.4517 0.9994
9 197 160 -0.3395 0.9997
10 195 157 -0.3901 0.9996
11 196 141 -0.1620 0.9936
12 171 133 -0.4789 0.9976
13 190 167 -0.0350 0.2175
14 151 175 -0.4936 0.9914
15 197 187 -0.0294 0.5042
16 175 199 -0.4723 0.9887
17 209 187 -0.0507 0.5189
18 181 206 -0.5416 0.9757
19 208 188 -0.0876 0.5347
20 186 202 -0.5430 0.9770
21 202 189 -0.0469 0.5433
22 185 199 -0.4806 0.9697
23 137 114 0.1110 0.9988
24 122 100 -0.1103 0.9995
25 131 161 0.1536 0.8523
26 75 106 -0.0613 0.9801
27 105 141 0.3618 0.6921
28 84 64 0.3293 0.9717
29 106 132 0.3844 0.7038
30 90 60 0.3742 0.9521
31 85 144 0.4370 0.6712
32 69 55 0.4100 0.9511
