0 68 72 -0.3643 1.0000
1 67 69 -0.3126 1.0000
2 68 69 -0.3125 1.0000
3 69 68 -0.3125 1.0000
4 63 72 -0.3527 1.0000
5 62 73 -0.3527 1.0000
6 61 74 -0.3527 1.0000
7 70 69 -0.0473 1.0000
8 59 78 -0.2229 1.0000
9 73 75 -0.2617 1.0000
10 69 78 -0.3127 1.0000
11 91 84 0.2744 1.0000
12 62 105 -0.2318 1.0000
13 113 66 0.7081 0.9956
14 65 139 -0.2148 0.9965
15 121 43 0.9924 0.9980
16 66 173 -0.2017 0.9929
17 124 35 1.0619 0.9942
18 66 182 -0.2098 0.9852
19 122 35 1.0198 0.9946
20 68 181 -0.2767 0.9866
21 121 38 0.9814 0.9945
22 69 179 -0.2220 0.9855
23 116 154 0.2123 1.0000
24 107 159 -0.2128 1.0000
25 128 202 0.1966 0.9978
26 161 154 -0.3471 0.9998
27 83 216 0.5925 0.9951
28 190 197 -0.0615 0.9997
29 76 212 0.6357 0.9974
30 189 207 -0.0295 0.9990
31 71 237 0.5970 0.9860
32 216 193 -0.1276 0.9980
