0 266 114 0.5454 0.9956
1 267 110 0.5448 0.9956
2 266 110 0.5448 0.9952
3 266 109 0.5449 0.9960
4 268 111 0.5253 0.9965
5 268 111 0.5253 0.9961
6 268 111 0.5251 0.9951
7 263 108 0.5027 0.9968
8 266 110 0.4169 0.9956
9 263 116 0.5304 0.9892
10 264 116 0.5057 0.9869
11 231 105 0.4161 0.9999
12 267 121 0.2439 0.9999
13 209 94 0.3503 0.9573
14 292 128 0.1577 0.9872
15 221 110 0.3425 0.2150
16 277 122 0.2264 0.5894
17 220 114 0.3435 0.1259
18 274 120 0.2450 0.3902
19 222 117 0.3590 0.1226
20 269 120 0.2672 0.3773
21 221 116 0.3464 0.1408
22 269 120 0.2410 0.3925
23 197 150 0.0775 1.0000
24 221 157 -0.0784 1.0000
25 164 180 0.0691 0.9595
26 248 190 -0.0693 0.9822
27 115 196 -0.2377 0.9761
28 186 185 -0.2810 0.9711
29 105 196 -0.2742 0.9827
30 177 178 -0.3021 0.9885
31 104 210 -0.2863 0.9251
32 164 199 -0.2663 0.9520
