0 163 101 0.3611 1.0000
1 169 105 0.3818 1.0000
2 171 106 0.3820 1.0000
3 173 107 0.3819 1.0000
4 165 103 0.4164 1.0000
5 163 104 0.4160 1.0000
6 162 104 0.4159 1.0000
7 175 114 0.4282 1.0000
8 162 111 0.5866 0.9999
9 164 106 0.3727 0.9999
10 158 104 0.4175 0.9998
11 184 137 0.2123 0.9999
12 132 132 0.6922 0.9996
13 219 177 0.0722 0.9705
14 120 93 1.0832 0.9067
15 257 221 -0.1465 0.9288
16 129 42 1.5026 0.9269
17 266 227 -0.1503 0.8274
18 133 33 1.6195 0.8507
19 266 229 -0.1993 0.8553
20 132 32 1.5970 0.8470
21 261 227 -0.1704 0.8688
22 128 34 1.5011 0.8522
23 135 227 -0.2536 0.9995
24 108 232 0.2531 0.9995
25 100 138 -0.4473 0.9655
26 82 143 0.3480 0.5081
27 56 57 -0.6157 0.9588
28 52 64 0.3475 0.4655
29 41 51 -0.6369 0.9777
30 37 57 0.3391 0.5372
31 71 24 -0.9186 0.9432
32 70 29 0.1615 0.4622
