0 248 125 0.3774 0.9999
1 251 130 0.3497 1.0000
2 251 130 0.3499 1.0000
3 251 130 0.3498 1.0000
4 247 128 0.3856 1.0000
5 246 129 0.3856 1.0000
6 245 130 0.3856 1.0000
7 244 129 0.2507 1.0000
8 239 133 0.4174 1.0000
9 242 122 0.3453 0.9998
10 240 123 0.3927 0.9997
11 232 115 0.1087 1.0000
12 211 128 0.4537 0.9999
13 255 125 -0.0368 0.8097
14 216 138 0.6216 0.2859
15 264 143 -0.0726 0.8539
16 235 159 0.7717 0.4262
17 262 150 -0.0924 0.8643
18 238 164 0.7939 0.5838
19 264 150 -0.0920 0.8474
20 237 164 0.7877 0.5570
21 257 147 -0.0714 0.7963
22 238 161 0.7709 0.5110
23 167 63 -0.1215 1.0000
24 154 68 0.1216 1.0000
25 119 31 -0.2817 0.9898
26 105 34 -0.0187 0.7633
27 73 82 -0.4344 0.9830
28 47 74 -0.2225 0.6887
29 75 89 -0.4492 0.9892
30 48 85 -0.2492 0.8668
31 48 97 -0.4908 0.9905
32 31 72 -0.2974 0.8321
