0 194 95 -0.1851 0.9429
1 194 95 -0.1935 0.9637
2 194 95 -0.1935 0.9690
3 193 95 -0.1935 0.9655
4 195 96 -0.1843 0.9328
5 195 96 -0.1844 0.9196
6 195 96 -0.1844 0.9231
7 191 96 -0.1978 0.9763
8 194 98 -0.1560 0.9015
9 193 94 -0.1825 0.9690
10 194 95 -0.1704 0.9386
11 182 94 -0.1789 0.9999
12 192 99 -0.0969 0.9992
13 191 84 -0.1840 0.9491
14 197 90 -0.0623 0.1544
15 202 80 -0.1802 0.9457
16 205 83 -0.0660 0.3893
17 205 78 -0.1936 0.9080
18 207 82 -0.0690 0.3803
19 206 80 -0.1944 0.8983
20 207 82 -0.0818 0.4002
21 204 81 -0.1798 0.8430
22 205 82 -0.0714 0.4445
23 179 89 -0.0287 1.0000
24 186 91 0.0287 0.9998
25 183 76 -0.0991 0.9707
26 190 80 -0.0295 0.4240
27 177 58 -0.0830 0.9864
28 188 63 0.0200 0.7983
29 175 56 -0.0832 0.8990
30 186 60 0.0234 0.6249
31 181 54 -0.1268 0.9773
32 194 60 -0.0124 0.7830
