0 110 144 -0.8760 1.0000
1 111 136 -0.8653 1.0000
2 113 135 -0.8652 1.0000
3 116 133 -0.8653 0.9999
4 106 140 -0.8403 0.9999
5 105 141 -0.8406 0.9999
6 103 141 -0.8406 1.0000
7 125 132 -0.7565 0.9998
8 106 144 -0.6425 0.9999
9 120 148 -0.8327 0.9999
10 112 153 -0.8007 0.9999
11 166 142 -0.7277 0.9995
12 124 176 -0.4372 1.0000
13 212 176 -0.7873 0.9739
14 114 223 -0.4373 0.9803
15 210 203 -0.8581 0.9294
16 73 239 -0.5136 0.9901
17 207 214 -0.9375 0.8553
18 58 238 -0.5404 0.9703
19 200 210 -0.9383 0.8613
20 56 234 -0.5742 0.9725
21 199 207 -0.8651 0.8059
22 63 235 -0.5325 0.9722
23 217 148 -0.0913 0.9988
24 209 172 0.0904 0.9999
25 263 96 -0.0211 0.9924
26 261 190 0.3603 0.9613
27 250 37 0.2260 0.9880
28 303 187 0.7569 0.9895
29 242 27 0.2529 0.9671
30 311 181 0.7945 0.9731
31 261 24 0.1684 0.9827
32 318 212 0.7159 0.9822
