0 314 161 0.3631 0.9995
1 321 156 0.3586 0.9994
2 321 155 0.3584 0.9994
3 321 154 0.3584 0.9994
4 320 157 0.3373 0.9991
5 321 157 0.3374 0.9992
6 321 156 0.3374 0.9989
7 319 144 0.3354 0.9994
8 319 151 0.2352 0.9990
9 308 159 0.3602 0.9977
10 308 160 0.3308 0.9951
11 287 110 0.3074 0.9998
12 291 164 0.1535 0.9994
13 265 71 0.3280 0.9597
14 279 215 0.1610 0.9896
15 246 32 0.3621 0.9651
16 317 218 0.3853 0.9654
17 240 20 0.3753 0.9288
18 330 226 0.4020 0.9423
19 240 20 0.3723 0.9237
20 333 218 0.4233 0.9360
21 241 25 0.3663 0.8893
22 328 214 0.4031 0.9159
23 203 105 0.0848 1.0000
24 210 136 -0.0855 0.9997
25 116 111 0.0402 0.8754
26 142 169 -0.1119 0.9803
27 39 85 -0.1744 0.9665
28 161 101 -0.2588 0.9292
29 32 84 -0.2037 0.9716
30 170 94 -0.2709 0.9356
31 24 102 -0.2492 0.9603
32 140 74 -0.2381 0.9215
