0 144 166 -0.1661 0.9999
1 145 165 -0.1574 1.0000
2 146 165 -0.1574 0.9999
3 147 165 -0.1574 1.0000
4 143 164 -0.1436 0.9999
5 143 164 -0.1436 0.9999
6 142 164 -0.1436 0.9999
7 148 166 -0.1031 1.0000
8 142 164 -0.0394 0.9999
9 144 168 -0.1457 0.9999
10 142 168 -0.1272 0.9998
11 153 177 -0.1104 0.9998
12 135 173 0.0201 0.9998
13 163 166 -0.2415 0.9947
14 131 157 -0.0076 0.9855
15 169 152 -0.3361 0.9904
16 127 144 -0.1325 0.9856
17 171 150 -0.3729 0.9755
18 126 141 -0.1550 0.9610
19 169 149 -0.3728 0.9736
20 128 140 -0.1697 0.9614
21 169 149 -0.3411 0.9638
22 128 142 -0.1450 0.9598
23 134 207 -0.0353 1.0000
24 123 201 0.0354 0.9999
25 127 223 -0.3280 0.9941
26 105 205 -0.0790 0.9847
27 121 249 -0.4181 0.9864
28 86 224 -0.0914 0.9618
29 115 253 -0.4329 0.9764
30 86 232 -0.0996 0.9449
31 121 254 -0.5671 0.9846
32 73 220 -0.1916 0.9633
