0 42 119 0.1602 1.0000
1 36 116 0.2220 1.0000
2 35 117 0.2219 1.0000
3 35 117 0.2218 1.0000
4 34 117 0.1489 1.0000
5 33 118 0.1488 1.0000
6 31 119 0.1488 1.0000
7 30 127 0.4608 1.0000
8 26 129 0.1282 1.0000
9 46 125 0.2488 1.0000
10 44 127 0.1514 1.0000
11 57 153 0.6123 0.9999
12 27 169 -0.1494 1.0000
13 95 108 0.6024 0.9366
14 78 166 -0.5026 0.9867
15 108 38 0.3478 0.9658
16 113 126 -0.6242 0.9577
17 109 20 0.3144 0.9237
18 122 115 -0.6833 0.9198
19 106 19 0.2515 0.9244
20 118 109 -0.6726 0.9117
21 106 25 0.3097 0.9152
22 116 111 -0.6176 0.8836
23 115 231 0.2755 1.0000
24 99 239 -0.2751 0.9999
25 168 162 -0.1370 0.8220
26 134 156 -0.4829 0.9949
27 260 156 -0.3852 0.8419
28 207 105 -0.7042 0.9876
29 273 164 -0.4217 0.8905
30 226 104 -0.7276 0.9779
31 266 120 -0.6625 0.9083
32 199 64 -0.9296 0.9844
