0 50 27 -0.0913 0.9999
1 46 26 -0.0575 0.9999
2 46 25 -0.0577 0.9999
3 47 25 -0.0579 0.9999
4 43 28 -0.0952 0.9999
5 42 30 -0.0954 0.9999
6 41 32 -0.0956 0.9999
7 48 32 0.0935 0.9999
8 42 41 -0.0815 1.0000
9 56 31 -0.0348 0.9999
10 54 34 -0.0871 0.9999
11 82 51 0.2102 0.9971
12 61 72 -0.1645 0.9999
13 74 18 0.2730 0.1642
14 38 79 -0.3490 0.7930
15 58 15 0.2832 0.0593
16 44 63 -0.4487 0.2450
17 53 13 0.2852 0.0570
18 44 62 -0.4942 0.2247
19 51 16 0.2741 0.0558
20 39 60 -0.4809 0.2073
21 54 16 0.2751 0.0577
22 45 60 -0.4473 0.1892
23 150 109 0.1499 0.9993
24 135 128 -0.1501 0.9999
25 219 72 0.0124 0.9283
26 198 151 -0.4952 0.9988
27 305 57 0.0024 0.9598
28 280 208 -0.6374 0.9991
29 321 65 -0.0095 0.9399
30 288 225 -0.6639 0.9910
31 328 13 -0.1452 0.9629
32 322 192 -0.9237 0.9969
