0 165 94 -0.8335 1.0000
1 170 94 -0.8379 1.0000
2 171 95 -0.8378 1.0000
3 173 96 -0.8380 1.0000
4 169 92 -0.7953 1.0000
5 169 92 -0.7954 1.0000
6 169 91 -0.7955 1.0000
7 178 102 -0.7251 1.0000
8 172 95 -0.5241 1.0000
9 164 100 -0.7809 1.0000
10 162 97 -0.7210 0.9999
11 179 132 -0.5949 1.0000
12 150 100 -0.2765 0.9988
13 198 164 -0.7277 0.9997
14 116 86 -0.3287 0.9657
15 203 200 -0.9478 0.9980
16 90 65 -0.5749 0.9359
17 203 213 -1.0086 0.9941
18 81 57 -0.6116 0.8748
19 198 210 -1.0884 0.9955
20 82 57 -0.6849 0.8874
21 197 205 -0.9868 0.9954
22 85 60 -0.6141 0.9028
23 109 146 -0.2083 0.9996
24 104 130 0.2085 0.9981
25 78 96 -0.6862 0.9891
26 55 128 0.3642 0.9743
27 23 69 -0.9010 0.9996
28 38 172 0.6106 0.9874
29 10 69 -0.9362 0.9988
30 40 181 0.6295 0.9917
31 27 38 -1.2578 0.9994
32 11 174 0.4935 0.9789
