0 152 96 -0.6489 0.9999
1 153 86 -0.6549 0.9999
2 156 84 -0.6546 0.9999
3 160 82 -0.6547 0.9998
4 145 91 -0.6343 0.9998
5 143 92 -0.6345 0.9998
6 140 93 -0.6346 0.9999
7 166 78 -0.5775 0.9998
8 140 93 -0.4941 0.9998
9 160 98 -0.6129 0.9999
10 151 103 -0.5896 0.9999
11 199 86 -0.5760 0.9992
12 144 105 -0.2942 0.9999
13 224 137 -0.6305 0.9917
14 134 145 -0.3412 0.8923
15 184 166 -0.6190 0.9702
16 121 186 -0.5195 0.9047
17 177 175 -0.6675 0.9310
18 107 192 -0.5654 0.8463
19 171 171 -0.6589 0.9310
20 108 193 -0.5890 0.8484
21 172 168 -0.6166 0.9036
22 115 191 -0.5383 0.8561
23 259 101 -0.0808 0.9990
24 234 127 0.0805 0.9991
25 276 145 -0.4724 0.9828
26 240 174 -0.2536 0.9032
27 355 175 -0.3797 0.9755
28 321 176 -0.1196 0.8713
29 367 173 -0.3698 0.9331
30 327 171 -0.1068 0.7856
31 372 206 -0.4837 0.9711
32 345 193 -0.1804 0.8709
