0 76 24 -0.5284 0.9971
1 78 23 -0.5012 0.9948
2 78 23 -0.5014 0.9951
3 78 24 -0.5017 0.9950
4 76 21 -0.5184 0.9973
5 75 20 -0.5185 0.9977
6 74 19 -0.5189 0.9980
7 77 24 -0.3046 0.9949
8 71 18 -0.3670 0.9986
9 74 27 -0.4454 0.9976
10 72 24 -0.4625 0.9990
11 65 43 -0.0818 0.9969
12 52 21 -0.3114 0.9991
13 63 64 -0.0617 0.8612
14 24 26 -0.3848 0.9847
15 60 71 -0.3667 0.7655
16 34 47 -0.4949 0.8722
17 61 74 -0.4498 0.6457
18 36 54 -0.5587 0.7358
19 62 72 -0.4635 0.6552
20 39 54 -0.5500 0.7197
21 60 70 -0.3829 0.6518
22 39 52 -0.4868 0.6706
23 28 56 0.0568 0.7794
24 20 42 -0.0561 0.8664
25 4 65 0.3062 0.3144
26 -8 51 0.1824 0.6399
27 -22 72 0.7895 0.0923
28 -38 58 0.5162 0.3057
29 -26 72 0.8259 0.0653
30 -43 58 0.5408 0.2753
31 -30 77 0.6143 0.1109
32 -46 67 0.2524 0.1778
