0 197 161 -0.3689 0.9999
1 202 159 -0.3594 0.9998
2 203 159 -0.3597 0.9998
3 203 159 -0.3602 0.9999
4 201 157 -0.4033 0.9999
5 200 155 -0.4034 0.9998
6 199 154 -0.4035 0.9999
7 200 150 -0.2663 0.9998
8 195 145 -0.4642 0.9998
9 192 160 -0.3264 0.9998
10 191 158 -0.3847 0.9998
11 190 139 -0.1442 0.9964
12 165 134 -0.5020 0.9986
13 187 168 0.0056 0.1882
14 145 170 -0.5337 0.9897
15 193 186 0.0415 0.5107
16 165 198 -0.5117 0.9864
17 200 188 0.0289 0.5539
18 170 205 -0.5830 0.9729
19 201 188 -0.0134 0.5676
20 178 201 -0.5792 0.9738
21 197 188 0.0230 0.5732
22 175 198 -0.5170 0.9644
23 131 114 0.1202 0.9991
24 116 100 -0.1196 0.9996
25 121 155 0.1610 0.8007
26 68 105 -0.0656 0.9768
27 100 140 0.3683 0.6204
28 79 64 0.3394 0.9573
29 100 131 0.3907 0.6485
30 84 58 0.3855 0.9342
31 83 144 0.4335 0.6299
32 66 55 0.4159 0.9300
