0 297 108 -0.7592 1.0000
1 306 113 -0.7812 1.0000
2 307 118 -0.7811 1.0000
3 307 122 -0.7813 1.0000
4 307 106 -0.7449 0.9999
5 307 104 -0.7450 0.9999
6 308 102 -0.7451 0.9999
7 309 138 -0.7577 1.0000
8 310 111 -0.5923 0.9999
9 288 117 -0.7373 1.0000
10 288 108 -0.6888 1.0000
11 283 179 -0.7189 1.0000
12 288 101 -0.3439 0.9994
13 184 195 -0.7086 0.9995
14 221 103 -0.0609 0.2801
15 91 206 -0.7671 0.9979
16 191 86 0.0798 0.4193
17 68 219 -0.8209 0.9942
18 176 78 0.1147 0.4235
19 62 206 -0.8539 0.9947
20 184 78 0.0552 0.4485
21 73 198 -0.7773 0.9936
22 186 81 0.0603 0.4724
23 180 161 -0.0763 0.9997
24 194 114 0.0766 0.9986
25 114 132 -0.5068 0.9462
26 146 58 -0.1861 0.9041
27 67 67 -0.1447 0.8290
28 71 37 0.0124 0.8279
29 61 68 -0.1108 0.7117
30 62 38 0.0295 0.7567
31 29 32 -0.2432 0.8132
32 40 0 -0.0885 0.8116
