0 238 135 -0.3675 0.9999
1 244 135 -0.4482 1.0000
2 243 136 -0.4482 0.9999
3 243 137 -0.4485 1.0000
4 246 135 -0.3935 0.9999
5 247 136 -0.3940 0.9999
6 248 137 -0.3942 1.0000
7 242 146 -0.6568 0.9999
8 250 146 -0.4093 1.0000
9 232 140 -0.4247 1.0000
10 234 140 -0.3530 1.0000
11 194 160 -0.6968 1.0000
12 254 182 -0.2288 1.0000
13 152 122 -0.6827 0.9990
14 264 145 0.3124 0.6195
15 137 65 -0.6154 0.9957
16 270 109 0.6656 0.8404
17 129 49 -0.7145 0.9884
18 270 98 0.6969 0.8014
19 135 45 -0.7194 0.9890
20 268 97 0.6103 0.8246
21 138 51 -0.6226 0.9813
22 266 100 0.6423 0.8286
23 136 198 -0.1829 1.0000
24 166 203 0.1829 1.0000
25 104 119 0.0592 0.9949
26 197 140 0.4244 0.5196
27 44 131 0.6301 0.9318
28 178 102 0.8394 0.4669
29 34 143 0.6966 0.8817
30 169 99 0.8835 0.5097
31 27 99 0.6946 0.9450
32 183 74 0.8736 0.7667
