0 96 139 -0.2149 0.9965
1 90 136 -0.1976 0.9959
2 90 137 -0.1978 0.9960
3 89 137 -0.1979 0.9968
4 90 137 -0.2674 0.9967
5 89 138 -0.2676 0.9963
6 88 139 -0.2677 0.9971
7 84 145 -0.0854 0.9901
8 82 149 -0.4039 0.9948
9 98 146 -0.1623 0.9961
10 98 148 -0.2559 0.9976
11 94 165 0.1097 0.9996
12 97 181 -0.5060 1.0000
13 146 141 0.2413 0.4485
14 144 151 -0.5912 0.9924
15 175 105 0.1155 0.6511
16 172 105 -0.5548 0.9857
17 185 95 0.1238 0.6162
18 184 96 -0.6111 0.9771
19 185 93 0.0529 0.6446
20 182 92 -0.5860 0.9765
21 181 96 0.0833 0.6379
22 179 96 -0.5403 0.9486
23 178 191 0.2012 0.9961
24 184 205 -0.2009 0.9991
25 208 144 0.2451 0.4400
26 216 146 -0.4226 0.9922
27 251 92 0.3746 0.6384
28 278 97 -0.5203 0.9906
29 275 91 0.3808 0.6129
30 295 94 -0.5390 0.9770
31 253 56 0.2952 0.7659
32 274 59 -0.7029 0.9880
