0 273 200 0.2533 0.9895
1 274 198 0.2569 0.9894
2 274 198 0.2569 0.9877
3 274 197 0.2568 0.9902
4 273 198 0.2505 0.9927
5 272 198 0.2504 0.9924
6 272 198 0.2501 0.9940
7 273 200 0.2547 0.9926
8 272 200 0.2232 0.9965
9 271 202 0.2516 0.9795
10 270 203 0.2427 0.9819
11 262 221 0.2253 0.9983
12 259 220 0.1482 0.9981
13 287 232 0.2095 0.5817
14 235 221 0.1031 0.6028
15 309 232 0.3047 0.5909
16 232 217 0.1109 0.1577
17 317 231 0.3228 0.5010
18 233 216 0.1263 0.1387
19 318 230 0.3395 0.4837
20 233 215 0.1290 0.1301
21 315 231 0.3118 0.4653
22 232 216 0.1128 0.1418
23 197 244 0.0363 0.9991
24 197 246 -0.0370 0.9982
25 148 245 0.0188 0.3830
26 149 245 -0.1195 0.3998
27 113 247 -0.1287 0.2859
28 110 248 -0.2455 0.3115
29 110 247 -0.1460 0.5322
30 106 245 -0.2564 0.6398
31 94 252 -0.2026 0.3597
32 91 256 -0.3204 0.3853
