0 112 99 0.1369 0.9980
1 114 101 0.1641 0.9972
2 114 102 0.1640 0.9974
3 114 103 0.1640 0.9978
4 113 98 0.1695 0.9971
5 113 97 0.1695 0.9969
6 113 96 0.1694 0.9977
7 113 104 0.2846 0.9968
8 111 94 0.3098 0.9956
9 109 101 0.1818 0.9883
10 109 98 0.1874 0.9893
11 105 111 0.2303 0.9995
12 98 89 0.3496 0.9989
13 110 119 -0.0353 0.8345
14 90 83 0.1385 0.5586
15 127 121 -0.1947 0.9140
16 104 87 -0.0425 0.6617
17 131 124 -0.2278 0.8819
18 107 87 -0.0697 0.5526
19 132 122 -0.2094 0.8673
20 107 89 -0.0322 0.5112
21 130 121 -0.1922 0.8203
22 106 89 -0.0336 0.4614
23 74 115 -0.0389 0.9998
24 71 97 0.0388 0.9996
25 57 126 -0.4138 0.9609
26 57 93 -0.3466 0.9010
27 28 145 -0.5828 0.9366
28 24 90 -0.4573 0.9380
29 25 146 -0.6087 0.7694
30 21 90 -0.4764 0.8437
31 19 149 -0.8086 0.9791
32 15 87 -0.6610 0.9632
