0 95 148 -0.0902 0.9998
1 90 148 -0.0733 0.9994
2 90 147 -0.0733 0.9993
3 90 147 -0.0733 0.9992
4 88 150 -0.1124 0.9997
5 87 152 -0.1124 0.9996
6 86 154 -0.1125 0.9997
7 89 155 0.0241 0.9978
8 85 163 -0.1555 0.9996
9 101 152 -0.0497 0.9994
10 99 155 -0.1018 0.9999
11 127 163 0.1453 0.9975
12 109 196 -0.2160 1.0000
13 172 170 0.2332 0.1138
14 160 205 -0.2670 0.9924
15 188 144 0.1122 0.2781
16 182 157 -0.2763 0.9812
17 200 136 0.0899 0.3147
18 189 147 -0.3058 0.9707
19 190 128 0.0517 0.3309
20 182 141 -0.3013 0.9697
21 187 132 0.0902 0.3258
22 179 145 -0.2700 0.9498
23 213 168 0.1117 0.9907
24 213 191 -0.1116 0.9992
25 268 149 0.2419 0.9096
26 284 184 -0.1621 0.9961
27 325 159 0.4381 0.9525
28 353 184 -0.1745 0.9963
29 334 167 0.4510 0.9310
30 360 186 -0.1826 0.9764
31 346 134 0.3865 0.9558
32 387 181 -0.3204 0.9922
