0 304 101 -0.5030 1.0000
1 306 92 -0.4631 1.0000
2 308 92 -0.4631 1.0000
3 309 92 -0.4632 1.0000
4 295 92 -0.4909 1.0000
5 289 93 -0.4909 1.0000
6 284 93 -0.4908 1.0000
7 308 98 -0.2557 1.0000
8 277 98 -0.3765 1.0000
9 307 115 -0.4275 1.0000
10 298 115 -0.4619 1.0000
11 284 131 0.0113 0.9996
12 274 152 -0.4474 0.9999
13 301 195 -0.1156 0.4700
14 308 209 -0.2848 0.9731
15 310 163 -0.3338 0.2373
16 306 158 0.0853 0.8058
17 311 151 -0.3344 0.2083
18 312 149 0.0855 0.6673
19 308 148 -0.3217 0.1946
20 306 140 0.0771 0.6409
21 306 153 -0.3338 0.1939
22 304 143 0.0892 0.6300
23 174 165 0.1579 1.0000
24 169 185 -0.1575 0.9999
25 96 176 0.1634 0.2627
26 63 190 -0.3222 0.9994
27 94 91 0.1351 0.3703
28 86 90 -0.1984 0.9666
29 106 80 0.1306 0.4011
30 99 80 -0.1779 0.9576
31 60 61 0.1833 0.4260
32 57 54 -0.0803 0.9445
