0 212 173 -0.4710 0.9998
1 217 176 -0.4969 0.9999
2 215 178 -0.4968 0.9999
3 214 179 -0.4969 0.9999
4 219 175 -0.4690 0.9998
5 221 175 -0.4693 0.9998
6 222 175 -0.4695 0.9998
7 207 187 -0.5284 0.9999
8 220 179 -0.4026 0.9998
9 204 176 -0.4725 0.9999
10 207 174 -0.4357 0.9998
11 173 199 -0.4884 1.0000
12 197 179 -0.2378 0.9999
13 129 191 -0.4701 0.9733
14 164 161 -0.0162 0.4910
15 90 188 -0.5111 0.9674
16 163 142 0.1164 0.8422
17 73 193 -0.5472 0.9483
18 162 132 0.1516 0.8224
19 72 189 -0.5662 0.9508
20 163 132 0.1096 0.8307
21 86 184 -0.5194 0.9394
22 163 135 0.1071 0.8195
23 124 176 -0.0997 0.9995
24 141 172 0.1000 0.9992
25 143 123 -0.1425 0.9126
26 157 131 0.1924 0.3930
27 147 69 -0.0606 0.9060
28 151 77 0.3191 0.3686
29 142 61 -0.0558 0.8990
30 144 69 0.3306 0.4590
31 168 52 -0.1365 0.9003
32 168 56 0.2989 0.4224
