0 69 149 -0.8297 0.9999
1 83 151 -0.8122 0.9998
2 86 156 -0.8122 0.9998
3 88 161 -0.8126 0.9998
4 77 139 -0.7748 0.9998
5 75 135 -0.7740 0.9998
6 73 131 -0.7743 0.9998
7 87 171 -0.5109 0.9999
8 72 129 -0.3236 0.9998
9 61 161 -0.7073 0.9999
10 55 144 -0.6534 0.9999
11 31 225 -0.3428 0.9983
12 27 114 -0.0817 0.9990
13 -57 250 -0.4270 0.3704
14 -40 77 -0.3954 0.6100
15 -110 239 -0.6816 0.1580
16 -38 67 -1.3228 0.6354
17 -129 242 -0.7716 0.1906
18 -40 60 -1.4771 0.6324
19 -124 230 -0.8023 0.2756
20 -32 66 -1.5018 0.7163
21 -117 226 -0.7040 0.2784
22 -33 73 -1.3638 0.7015
23 -120 208 -0.1382 0.0020
24 -117 133 0.1426 0.0022
25 -245 199 -0.1867 0.0017
26 -242 128 0.2102 0.0007
27 -358 194 0.3265 0.0002
28 -353 127 0.5734 0.0000
29 -374 198 0.3435 0.0001
30 -369 128 0.5958 0.0001
31 -392 176 -0.2273 0.0001
32 -391 128 -0.0035 0.0001
