0 136 135 -0.1788 0.9994
1 126 138 -0.1566 0.9995
2 126 138 -0.1567 0.9991
3 126 138 -0.1569 0.9993
4 127 143 -0.1986 0.9995
5 127 147 -0.1986 0.9994
6 127 151 -0.1986 0.9997
7 128 153 -0.0240 0.9997
8 131 170 -0.2169 0.9998
9 146 136 -0.1267 0.9993
10 146 142 -0.1829 0.9996
11 174 161 0.0784 0.9817
12 171 190 -0.2379 0.9985
13 165 159 0.3576 0.0423
14 115 210 -0.4553 0.9697
15 134 161 0.5652 0.0510
16 67 219 -0.4694 0.8538
17 129 164 0.5928 0.0666
18 51 221 -0.4975 0.7858
19 126 164 0.5923 0.0678
20 49 218 -0.4855 0.7697
21 128 170 0.5660 0.0786
22 55 217 -0.4683 0.7842
23 282 174 0.1093 0.9863
24 281 187 -0.1091 0.9956
25 355 173 0.2368 0.0673
26 362 173 -0.0207 0.4715
27 410 171 0.3633 0.0610
28 421 187 0.1056 0.2518
29 419 177 0.3709 0.1670
30 430 198 0.1176 0.4519
31 428 149 0.3063 0.0769
32 445 172 0.0233 0.1914
