0 161 94 -0.4081 0.9881
1 155 87 -0.4781 0.9866
2 155 86 -0.4782 0.9849
3 156 86 -0.4782 0.9862
4 156 85 -0.3898 0.9865
5 157 84 -0.3898 0.9855
6 157 83 -0.3900 0.9884
7 165 78 -0.6449 0.9771
8 166 75 -0.2414 0.9863
9 172 96 -0.4542 0.9907
10 173 95 -0.3373 0.9931
11 200 105 -0.8205 0.9999
12 207 78 0.0812 0.9998
13 150 165 -0.8336 0.9038
14 169 134 0.3053 0.0684
15 98 184 -0.6310 0.7747
16 122 169 0.3166 0.0574
17 86 191 -0.7084 0.7257
18 108 180 0.3486 0.0748
19 86 186 -0.6920 0.7376
20 107 176 0.2564 0.0807
21 90 184 -0.6218 0.6459
22 106 179 0.2787 0.0897
23 212 216 -0.3028 0.9965
24 214 192 0.3034 0.9973
25 112 172 -0.3168 0.7647
26 133 131 0.4166 0.3163
27 102 208 0.4265 0.2630
28 119 204 0.6659 0.2124
29 104 225 0.5118 0.2932
30 130 214 0.6892 0.2883
31 70 206 0.6580 0.3384
32 91 217 0.7242 0.2717
