0 94 100 -0.0400 0.9989
1 90 94 -0.0072 0.9995
2 90 94 -0.0074 0.9996
3 90 94 -0.0076 0.9996
4 88 95 -0.0450 0.9994
5 86 96 -0.0451 0.9993
6 84 96 -0.0452 0.9993
7 82 98 0.1409 0.9996
8 74 101 -0.0337 0.9995
9 94 106 0.0171 0.9987
10 91 107 -0.0344 0.9992
11 98 120 0.1910 0.9971
12 53 131 -0.0415 0.9993
13 114 109 0.1309 0.0836
14 9 118 -0.1958 0.8631
15 133 91 -0.0557 0.0572
16 20 117 -0.2525 0.1757
17 139 86 -0.0632 0.0643
18 15 117 -0.2651 0.1302
19 137 84 -0.0841 0.0688
20 20 114 -0.2336 0.1286
21 135 87 -0.0716 0.0741
22 27 118 -0.2423 0.1370
23 123 194 0.1077 0.9915
24 100 202 -0.1075 0.9953
25 196 194 -0.0917 0.7851
26 175 198 -0.3087 0.9873
27 281 203 -0.2603 0.8265
28 266 200 -0.4547 0.9784
29 287 211 -0.2842 0.8162
30 278 209 -0.4744 0.9623
31 305 180 -0.4278 0.8495
32 297 178 -0.6376 0.9636
