0 140 96 -0.4355 0.9999
1 138 103 -0.4133 1.0000
2 136 105 -0.4135 1.0000
3 134 106 -0.4137 1.0000
4 146 99 -0.4009 1.0000
5 148 98 -0.4008 0.9999
6 150 96 -0.4009 0.9999
7 129 107 -0.2222 1.0000
8 150 94 -0.1622 0.9999
9 131 94 -0.3608 1.0000
10 141 88 -0.3439 0.9999
11 102 90 -0.1219 0.9993
12 152 69 0.0054 0.9985
13 78 57 -0.3154 0.9121
14 149 32 -0.1242 0.8799
15 81 60 -0.6784 0.9056
16 164 35 -0.5186 0.8938
17 79 65 -0.7513 0.8617
18 168 33 -0.5810 0.8395
19 82 70 -0.7605 0.8741
20 168 38 -0.5979 0.8514
21 84 69 -0.6907 0.8543
22 165 39 -0.5369 0.8578
23 79 7 -0.0550 0.9370
24 111 0 0.0560 0.9400
25 69 -43 -0.0162 0.4134
26 98 -54 0.1729 0.3701
27 54 -91 0.2709 0.0398
28 79 -101 0.4525 0.0460
29 50 -97 0.2881 0.0310
30 74 -107 0.4737 0.0743
31 56 -109 0.0793 0.0118
32 76 -118 0.2604 0.0218
