0 103 128 0.5945 0.9999
1 99 126 0.5535 0.9999
2 98 126 0.5534 0.9999
3 98 127 0.5534 0.9999
4 100 122 0.5759 0.9999
5 100 120 0.5759 0.9999
6 101 119 0.5757 0.9999
7 100 124 0.3764 0.9999
8 104 115 0.4743 0.9999
9 106 130 0.5337 0.9996
10 107 126 0.5609 0.9995
11 113 146 0.1867 0.9999
12 131 99 0.4205 0.9998
13 97 184 0.1319 0.9921
14 164 85 0.5979 0.8827
15 59 197 0.2332 0.9962
16 147 75 0.8996 0.6653
17 48 206 0.2281 0.9939
18 141 69 0.9460 0.6040
19 46 200 0.2330 0.9938
20 138 71 0.9495 0.5847
21 50 196 0.2421 0.9865
22 140 73 0.9116 0.5961
23 208 155 -0.0743 1.0000
24 216 129 0.0735 0.9999
25 242 208 -0.0553 0.9993
26 271 131 0.1402 0.9957
27 312 219 -0.2830 0.9959
28 334 135 -0.1439 0.9879
29 325 206 -0.3042 0.9977
30 345 139 -0.1741 0.9924
31 333 244 -0.3257 0.9693
32 344 132 -0.2095 0.9198
