0 147 135 -0.6093 1.0000
1 152 132 -0.5913 1.0000
2 153 132 -0.5913 1.0000
3 155 133 -0.5914 1.0000
4 146 129 -0.5937 1.0000
5 144 129 -0.5938 1.0000
6 143 128 -0.5938 0.9999
7 156 136 -0.4665 0.9999
8 140 130 -0.4808 0.9999
9 149 140 -0.5600 1.0000
10 142 139 -0.5640 1.0000
11 160 157 -0.3792 0.9997
12 124 147 -0.3608 0.9988
13 158 186 -0.3956 0.9556
14 116 173 -0.3494 0.8890
15 148 198 -0.4722 0.8979
16 127 190 -0.4167 0.7217
17 146 203 -0.5086 0.8691
18 128 197 -0.4479 0.6800
19 143 199 -0.5193 0.8656
20 133 194 -0.4584 0.6723
21 143 198 -0.4773 0.8245
22 133 192 -0.4210 0.5858
23 147 186 -0.0142 0.9999
24 128 181 0.0143 0.9999
25 146 187 -0.3349 0.5838
26 120 175 -0.2508 0.5634
27 132 197 0.0068 0.3931
28 129 195 0.0171 0.6202
29 130 198 0.0392 0.4891
30 132 199 0.0416 0.5018
31 127 205 -0.0220 0.4299
32 124 204 -0.0358 0.5862
