0 307 159 0.0482 0.9994
1 317 156 0.0156 0.9995
2 319 157 0.0158 0.9995
3 321 159 0.0157 0.9996
4 314 155 0.0681 0.9990
5 314 155 0.0682 0.9986
6 314 155 0.0682 0.9994
7 329 166 -0.0455 0.9988
8 322 162 0.1975 0.9991
9 308 169 0.0263 0.9981
10 305 167 0.0964 0.9945
11 321 209 -0.0976 0.9997
12 294 188 0.2950 0.9955
13 349 177 -0.1219 0.9672
14 283 141 0.5443 0.3915
15 346 172 0.2662 0.1653
16 323 157 0.7568 0.0284
17 344 170 0.3029 0.1117
18 333 163 0.7628 0.0234
19 340 174 0.3012 0.1165
20 331 167 0.8124 0.0233
21 338 175 0.2713 0.1426
22 327 167 0.7727 0.0281
23 198 219 -0.1638 0.9999
24 191 199 0.1636 0.9997
25 162 124 -0.2441 0.9945
26 177 109 0.0818 0.5717
27 77 211 -0.2200 0.9978
28 112 141 0.1513 0.8010
29 80 226 -0.2079 0.9943
30 106 153 0.1536 0.8386
31 23 227 -0.2025 0.9970
32 79 110 0.1444 0.8787
