0 236 82 -0.1525 1.0000
1 240 82 -0.1212 1.0000
2 240 84 -0.1212 1.0000
3 240 85 -0.1213 0.9999
4 240 77 -0.1417 1.0000
5 239 75 -0.1417 1.0000
6 239 73 -0.1417 1.0000
7 236 85 0.0317 1.0000
8 234 68 -0.0604 1.0000
9 232 85 -0.0947 0.9999
10 230 79 -0.1218 1.0000
11 219 98 0.0932 0.9999
12 197 67 0.0262 1.0000
13 229 117 0.0578 0.9715
14 168 76 0.1543 0.9590
15 257 106 -0.0748 0.9700
16 177 56 0.2704 0.9810
17 265 105 -0.1023 0.9288
18 179 51 0.2781 0.9550
19 265 103 -0.1094 0.9269
20 182 51 0.2611 0.9575
21 262 102 -0.0849 0.9236
22 182 53 0.2665 0.9490
23 176 124 0.0075 0.9999
24 152 109 -0.0071 0.9999
25 175 161 -0.3238 0.9980
26 108 130 -0.1501 0.9894
27 164 208 -0.1938 0.9934
28 72 160 0.0602 0.9922
29 159 215 -0.1822 0.9605
30 71 167 0.0730 0.9405
31 161 228 -0.3312 0.9928
32 46 169 -0.1006 0.9762
