0 312 174 -0.0487 0.9992
1 317 177 -0.0747 0.9992
2 317 177 -0.0748 0.9992
3 317 178 -0.0748 0.9995
4 317 176 -0.0361 0.9988
5 318 176 -0.0361 0.9987
6 318 177 -0.0362 0.9991
7 315 185 -0.1270 0.9992
8 316 183 0.0438 0.9986
9 307 176 -0.0632 0.9995
10 307 175 -0.0137 0.9982
11 290 195 -0.1986 0.9999
12 290 184 0.1569 0.9964
13 251 202 -0.2092 0.9880
14 256 184 0.2077 0.0296
15 241 173 -0.0918 0.9367
16 240 175 0.1376 0.0330
17 235 167 -0.1012 0.8867
18 232 166 0.1251 0.0480
19 240 166 -0.0863 0.8784
20 235 170 0.0961 0.0503
21 242 169 -0.0792 0.8397
22 239 172 0.1199 0.0501
23 208 189 -0.1056 0.9996
24 212 177 0.1056 0.9957
25 149 185 -0.1171 0.9912
26 173 139 0.0558 0.9166
27 92 189 -0.0414 0.9979
28 153 182 0.2702 0.8408
29 88 197 -0.0390 0.9732
30 158 191 0.2907 0.8364
31 70 175 -0.1365 0.9968
32 128 187 0.2967 0.9008
