0 121 147 -0.1042 0.9998
1 114 147 -0.0889 0.9996
2 113 147 -0.0891 0.9995
3 113 147 -0.0892 0.9996
4 114 151 -0.1215 0.9998
5 113 153 -0.1215 0.9998
6 113 155 -0.1215 0.9998
7 114 156 0.0284 0.9998
8 114 167 -0.1199 0.9997
9 127 149 -0.0566 0.9992
10 127 153 -0.0996 0.9997
11 145 166 0.1527 0.9986
12 142 178 -0.1912 0.9998
13 186 164 0.2309 0.0257
14 176 173 -0.3894 0.8687
15 203 147 0.1731 0.0419
16 160 160 -0.5005 0.5900
17 212 141 0.1730 0.0786
18 162 159 -0.5341 0.6197
19 208 142 0.1488 0.0797
20 157 159 -0.5192 0.6196
21 203 147 0.1613 0.0756
22 161 159 -0.4947 0.6200
23 247 157 0.1211 0.9980
24 260 172 -0.1207 0.9995
25 241 97 0.1697 0.5162
26 304 99 -0.1971 0.9890
27 272 137 0.2192 0.5366
28 350 163 -0.1380 0.9921
29 271 150 0.2222 0.5788
30 344 178 -0.1280 0.9899
31 297 139 0.2383 0.6484
32 385 177 -0.1236 0.9870
