0 172 104 0.3533 1.0000
1 177 101 0.4175 1.0000
2 180 102 0.4174 1.0000
3 183 103 0.4168 1.0000
4 169 101 0.4127 1.0000
5 166 102 0.4130 1.0000
6 164 103 0.4132 1.0000
7 189 109 0.5773 1.0000
8 161 109 0.5515 1.0000
9 179 111 0.3939 1.0000
10 168 111 0.3866 1.0000
11 215 141 0.4463 1.0000
12 133 149 0.5311 0.9998
13 262 145 0.3111 0.9929
14 82 183 0.3786 0.9498
15 309 152 0.0058 0.9928
16 20 196 0.0725 0.9894
17 328 163 -0.0581 0.9835
18 -1 199 0.0253 0.9751
19 321 165 -0.1015 0.9864
20 -3 197 -0.0237 0.9763
21 313 164 -0.0259 0.9891
22 6 198 0.0371 0.9828
23 195 196 -0.0136 0.9993
24 142 199 0.0137 0.9945
25 225 230 -0.5981 0.9963
26 80 257 -0.3161 0.9886
27 250 347 -0.4342 0.8872
28 86 356 -0.1736 0.5987
29 247 361 -0.4240 0.5868
30 93 365 -0.1673 0.3469
31 259 386 -0.6547 0.6001
32 84 395 -0.3729 0.1858
