0 172 93 -0.2245 0.9999
1 163 96 -0.1926 0.9999
2 161 95 -0.1928 1.0000
3 158 94 -0.1929 1.0000
4 174 99 -0.1948 0.9999
5 176 100 -0.1947 0.9999
6 178 100 -0.1946 0.9998
7 154 90 -0.0061 1.0000
8 181 99 -0.0162 0.9998
9 169 85 -0.1533 0.9999
10 177 88 -0.1561 0.9998
11 151 63 0.0468 0.9998
12 197 85 0.0710 0.9984
13 158 29 -0.1812 0.9057
14 219 64 -0.1593 0.7592
15 166 24 -0.5865 0.9096
16 227 73 -0.6017 0.6600
17 169 19 -0.6721 0.8793
18 231 75 -0.6851 0.6562
19 168 28 -0.6784 0.8925
20 227 78 -0.7003 0.6772
21 168 30 -0.5997 0.8778
22 224 76 -0.6222 0.6819
23 185 8 0.0096 0.9941
24 214 16 -0.0088 0.9890
25 184 -12 -0.2579 0.8042
26 228 -11 -0.1969 0.6811
27 198 -48 0.0871 0.3531
28 232 -48 0.1278 0.1772
29 202 -53 0.1162 0.3937
30 231 -53 0.1535 0.1795
31 201 -64 -0.0214 0.1993
32 234 -65 -0.0120 0.0790
