0 92 141 -0.5153 0.9997
1 90 134 -0.4735 0.9996
2 92 132 -0.4735 0.9995
3 94 131 -0.4737 0.9997
4 83 139 -0.4895 0.9993
5 80 141 -0.4895 0.9990
6 78 142 -0.4894 0.9990
7 96 132 -0.2255 0.9998
8 76 148 -0.3071 0.9996
9 99 144 -0.4239 0.9999
10 91 150 -0.4483 0.9999
11 132 137 -0.1350 0.9999
12 90 188 -0.1963 0.9999
13 190 142 -0.2279 0.9513
14 34 201 -0.2427 0.9996
15 189 180 -0.4712 0.8471
16 56 149 0.0532 0.8070
17 194 195 -0.5418 0.7906
18 62 141 0.0338 0.3437
19 187 197 -0.5464 0.7941
20 66 142 0.0881 0.3188
21 184 195 -0.4793 0.7318
22 66 145 0.0705 0.3824
23 215 161 0.0615 0.9999
24 217 196 -0.0611 0.9997
25 274 116 -0.3106 0.9805
26 316 198 -0.1946 0.9705
27 326 188 0.0732 0.8386
28 312 192 0.5437 0.3514
29 324 200 0.1192 0.7201
30 297 187 0.6274 0.2601
31 363 195 0.0068 0.8502
32 337 202 0.6239 0.3670
