0 100 79 0.4708 1.0000
1 102 79 0.5092 1.0000
2 103 79 0.5092 1.0000
3 105 79 0.5089 1.0000
4 99 79 0.5292 1.0000
5 98 80 0.5291 1.0000
6 97 80 0.5290 1.0000
7 108 84 0.6121 1.0000
8 95 86 0.7044 1.0000
9 102 82 0.4962 0.9999
10 98 83 0.5220 0.9997
11 120 100 0.5153 0.9999
12 84 106 0.7104 0.9979
13 136 93 0.5210 0.9477
14 76 117 0.7497 0.2099
15 120 91 0.8209 0.5536
16 71 100 0.7055 0.1550
17 118 89 0.8651 0.4540
18 69 95 0.6835 0.1565
19 112 91 0.8750 0.4086
20 71 94 0.7094 0.1540
21 113 92 0.8337 0.3721
22 74 96 0.7069 0.1641
23 111 145 -0.0975 1.0000
24 85 146 0.0972 0.9998
25 96 185 -0.4958 0.9883
26 75 169 -0.3400 0.6398
27 93 249 -0.8316 0.9588
28 83 224 -0.5436 0.5530
29 95 259 -0.8657 0.8649
30 88 232 -0.5661 0.4740
31 73 263 -1.0724 0.9782
32 76 242 -0.7332 0.7622
