0 100 85 -0.2842 0.9999
1 98 76 -0.2696 0.9998
2 99 76 -0.2697 0.9998
3 100 75 -0.2697 0.9997
4 93 79 -0.2925 0.9998
5 89 79 -0.2926 0.9998
6 86 80 -0.2926 0.9998
7 96 76 -0.1101 0.9992
8 76 84 -0.2222 0.9999
9 102 90 -0.2150 0.9999
10 97 93 -0.2475 1.0000
11 127 92 0.0434 1.0000
12 70 134 -0.1342 1.0000
13 177 127 -0.0364 0.8799
14 107 187 -0.1681 0.9915
15 163 103 -0.3674 0.9620
16 129 145 -0.2739 0.9884
17 161 93 -0.4219 0.9463
18 137 134 -0.3085 0.9760
19 154 90 -0.4196 0.9439
20 133 128 -0.3026 0.9746
21 152 94 -0.3729 0.9278
22 131 129 -0.2672 0.9683
23 182 165 0.0843 1.0000
24 152 190 -0.0842 0.9998
25 269 201 -0.0830 0.9016
26 195 170 -0.4644 0.9830
27 357 257 -0.1144 0.9740
28 211 233 -0.2007 0.9091
29 358 267 -0.1235 0.9319
30 207 243 -0.1691 0.8757
31 387 231 -0.2722 0.9638
32 249 256 -0.2326 0.9345
