0 112 105 -0.0640 0.9881
1 109 99 -0.0395 0.9931
2 109 99 -0.0396 0.9937
3 109 98 -0.0398 0.9950
4 106 101 -0.0712 0.9909
5 104 101 -0.0712 0.9887
6 101 102 -0.0713 0.9926
7 103 100 0.0902 0.9943
8 93 104 -0.0568 0.9954
9 112 108 -0.0121 0.9847
10 108 110 -0.0557 0.9936
11 113 117 0.1723 0.9958
12 75 132 -0.0389 0.9994
13 115 119 0.2695 0.0731
14 28 120 -0.0572 0.9472
15 113 104 0.3180 0.0397
16 68 113 0.1297 0.2168
17 113 98 0.3322 0.0471
18 76 111 0.1464 0.1260
19 111 98 0.3289 0.0470
20 79 111 0.1952 0.1199
21 111 100 0.3160 0.0474
22 75 113 0.1552 0.1199
23 143 194 0.0844 0.9717
24 123 205 -0.0842 0.9892
25 213 198 -0.1055 0.6363
26 203 212 -0.2932 0.9400
27 299 207 -0.2493 0.6652
28 276 225 -0.3931 0.8901
29 306 219 -0.2688 0.6167
30 292 223 -0.4044 0.8336
31 326 189 -0.3859 0.7202
32 307 213 -0.5297 0.8733
