0 79 143 -0.5208 0.9997
1 78 136 -0.4800 0.9997
2 80 134 -0.4799 0.9995
3 82 132 -0.4802 0.9997
4 72 140 -0.4959 0.9993
5 69 142 -0.4959 0.9990
6 67 143 -0.4958 0.9991
7 85 132 -0.2350 0.9998
8 66 149 -0.3167 0.9996
9 88 145 -0.4299 0.9999
10 79 152 -0.4543 0.9999
11 123 138 -0.1558 0.9999
12 80 188 -0.2091 0.9999
13 180 142 -0.2599 0.9587
14 25 201 -0.2625 0.9995
15 179 179 -0.4811 0.8749
16 47 148 0.0736 0.7822
17 185 193 -0.5482 0.8233
18 53 139 0.0610 0.3227
19 178 196 -0.5460 0.8235
20 57 140 0.1171 0.2998
21 175 193 -0.4852 0.7698
22 57 143 0.0923 0.3697
23 203 162 0.0600 0.9999
24 206 195 -0.0596 0.9998
25 263 116 -0.3201 0.9833
26 304 198 -0.1830 0.9728
27 317 187 0.0359 0.8762
28 302 192 0.5962 0.4138
29 315 199 0.0788 0.7600
30 290 194 0.6839 0.3025
31 360 190 -0.0319 0.8749
32 328 202 0.6971 0.4130
