0 240 153 -0.5701 0.9948
1 235 145 -0.5719 0.9957
2 236 143 -0.5719 0.9941
3 238 140 -0.5721 0.9966
4 232 155 -0.5799 0.9964
5 231 158 -0.5799 0.9944
6 229 162 -0.5799 0.9950
7 239 140 -0.4870 0.9929
8 228 168 -0.5195 0.9932
9 247 153 -0.5264 0.9894
10 242 163 -0.5358 0.9840
11 263 146 -0.3329 0.9965
12 245 184 -0.4329 0.9879
13 281 154 -0.1627 0.3400
14 275 201 -0.3046 0.5674
15 294 152 -0.0846 0.6093
16 297 186 -0.2265 0.6312
17 299 151 -0.0899 0.5796
18 303 185 -0.2548 0.5800
19 297 150 -0.1121 0.6199
20 300 179 -0.2600 0.6012
21 295 153 -0.0925 0.6677
22 299 178 -0.2291 0.5723
23 276 202 0.0268 0.9955
24 266 218 -0.0266 0.9958
25 288 214 0.3032 0.0359
26 280 235 0.2381 0.1270
27 292 230 0.5779 0.0213
28 287 247 0.4820 0.0914
29 291 232 0.6076 0.0466
30 288 248 0.5093 0.0928
31 301 235 0.6080 0.0758
32 299 252 0.4864 0.1620
