0 190 104 -0.5640 1.0000
1 181 102 -0.5380 1.0000
2 180 99 -0.5381 1.0000
3 179 96 -0.5382 1.0000
4 184 111 -0.5420 1.0000
5 185 113 -0.5419 1.0000
6 187 115 -0.5419 0.9999
7 179 92 -0.3462 1.0000
8 190 118 -0.3641 1.0000
9 195 97 -0.4879 1.0000
10 198 106 -0.4928 1.0000
11 193 74 -0.2266 1.0000
12 219 121 -0.2470 0.9996
13 209 49 -0.4221 0.9645
14 247 120 -0.4145 0.9329
15 206 50 -0.8709 0.9566
16 257 112 -0.8056 0.8853
17 209 46 -0.9590 0.9474
18 260 112 -0.8838 0.8702
19 207 51 -0.9687 0.9498
20 253 113 -0.9015 0.8734
21 208 54 -0.8839 0.9390
22 252 111 -0.8220 0.8610
23 252 59 0.0008 0.9985
24 266 84 -0.0001 0.9965
25 276 45 -0.2333 0.7913
26 298 83 -0.2061 0.6271
27 301 45 0.3111 0.2555
28 303 71 0.3429 0.1001
29 305 46 0.3603 0.3882
30 303 66 0.3934 0.1891
31 317 38 0.2670 0.1399
32 317 68 0.3004 0.0518
