0 143 190 -0.6318 0.9326
1 148 198 -0.6540 0.9295
2 147 201 -0.6541 0.9124
3 146 204 -0.6544 0.9199
4 151 192 -0.6357 0.8967
5 152 190 -0.6357 0.8611
6 153 188 -0.6361 0.8941
7 141 210 -0.5636 0.9328
8 152 187 -0.4796 0.9064
9 134 193 -0.5782 0.9489
10 138 185 -0.5516 0.8731
11 114 217 -0.4486 0.9947
12 135 172 -0.3308 0.9426
13 116 225 -0.6363 0.9800
14 128 147 -0.3145 0.3576
15 133 186 -0.6602 0.6377
16 137 138 -0.5258 0.3317
17 135 175 -0.7087 0.3499
18 139 135 -0.5866 0.3023
19 137 174 -0.6396 0.3565
20 142 139 -0.5896 0.3272
21 135 176 -0.6354 0.3907
22 139 141 -0.5361 0.3423
23 48 166 -0.0295 0.9958
24 66 143 0.0297 0.9859
25 23 140 0.2871 0.3642
26 49 123 0.4611 0.1384
27 25 137 0.9464 0.2504
28 35 128 1.0400 0.1387
29 26 136 1.0164 0.3995
30 31 131 1.1047 0.2377
31 18 129 1.0236 0.1981
32 27 115 1.0855 0.1441
