0 165 118 -0.6128 0.9999
1 172 120 -0.5668 0.9998
2 174 123 -0.5670 0.9999
3 177 126 -0.5674 0.9998
4 164 114 -0.5640 0.9998
5 161 112 -0.5641 0.9998
6 158 111 -0.5642 0.9996
7 177 133 -0.3090 0.9999
8 151 114 -0.2972 0.9998
9 166 131 -0.5201 0.9999
10 155 120 -0.5167 0.9998
11 177 181 -0.2122 0.9999
12 102 137 -0.1203 0.9987
13 238 218 -0.2597 0.9996
14 57 97 0.0532 0.9945
15 306 227 -0.6394 0.9994
16 35 47 0.0603 0.9930
17 326 234 -0.7131 0.9963
18 27 35 0.0455 0.9738
19 328 231 -0.8126 0.9971
20 29 34 -0.0096 0.9774
21 322 230 -0.7026 0.9978
22 32 39 0.0270 0.9829
23 93 294 -0.0210 0.9798
24 36 272 0.0221 0.9775
25 65 404 -0.0924 0.0847
26 -2 380 0.0008 0.0970
27 23 500 0.2549 0.0050
28 -39 481 0.1657 0.0131
29 17 510 0.2774 0.0097
30 -45 495 0.1646 0.0121
31 8 530 -0.0440 0.0047
32 -43 510 -0.2006 0.0081
