0 69 117 -0.1808 1.0000
1 64 117 -0.1538 1.0000
2 64 116 -0.1537 1.0000
3 64 115 -0.1539 1.0000
4 63 121 -0.1815 1.0000
5 63 123 -0.1815 1.0000
6 63 126 -0.1815 1.0000
7 67 117 0.0322 1.0000
8 64 134 -0.0970 1.0000
9 75 117 -0.1098 1.0000
10 74 122 -0.1475 1.0000
11 101 114 0.2119 0.9996
12 83 143 -0.0870 0.9999
13 92 110 0.4453 0.4034
14 46 166 -0.0705 0.9813
15 73 122 0.6891 0.0338
16 60 144 0.2771 0.1247
17 68 124 0.7115 0.0220
18 61 141 0.3001 0.0571
19 70 129 0.7404 0.0220
20 64 140 0.3179 0.0562
21 73 127 0.6984 0.0246
22 65 141 0.2868 0.0796
23 188 117 0.1445 0.9997
24 187 140 -0.1446 0.9998
25 191 53 -0.0291 0.9250
26 238 92 -0.3532 0.9931
27 257 85 0.0161 0.9677
28 282 157 -0.2961 0.9978
29 261 99 0.0188 0.9390
30 279 168 -0.2819 0.9900
31 285 71 -0.0483 0.9544
32 322 164 -0.3464 0.9957
