0 165 96 -0.1221 0.9894
1 159 88 -0.1786 0.9860
2 160 86 -0.1785 0.9833
3 161 85 -0.1784 0.9855
4 159 87 -0.1114 0.9880
5 159 86 -0.1114 0.9875
6 160 85 -0.1116 0.9923
7 172 76 -0.3258 0.9730
8 170 76 -0.0167 0.9903
9 175 98 -0.1664 0.9914
10 175 98 -0.0772 0.9933
11 208 103 -0.4876 0.9995
12 210 83 0.1818 0.9996
13 154 162 -0.4681 0.9128
14 169 135 0.2971 0.0842
15 100 184 -0.2451 0.8197
16 121 173 0.2413 0.1096
17 89 193 -0.2765 0.7686
18 108 181 0.2501 0.1417
19 88 187 -0.2650 0.7754
20 107 180 0.1857 0.1467
21 93 185 -0.2355 0.7295
22 113 178 0.2112 0.1563
23 220 217 -0.2125 0.9919
24 220 198 0.2124 0.9926
25 121 169 -0.2228 0.8223
26 138 136 0.4069 0.1614
27 105 228 0.1931 0.4506
28 118 216 0.4864 0.1623
29 117 237 0.2458 0.4734
30 130 227 0.4905 0.2224
31 76 226 0.3989 0.4904
32 90 238 0.5382 0.2230
