0 114 123 -0.0305 0.9999
1 106 125 -0.0125 0.9998
2 105 126 -0.0127 0.9997
3 105 126 -0.0128 0.9998
4 106 126 -0.0664 0.9998
5 106 127 -0.0665 0.9998
6 106 129 -0.0665 0.9998
7 105 135 0.0855 0.9999
8 111 141 -0.1589 0.9999
9 122 129 0.0113 0.9997
10 122 130 -0.0594 0.9999
11 154 148 0.2160 0.9995
12 149 161 -0.2702 0.9999
13 206 154 0.2898 0.0249
14 190 168 -0.4184 0.9179
15 241 144 0.1993 0.0484
16 209 158 -0.4571 0.7603
17 252 139 0.1897 0.0799
18 218 157 -0.4984 0.7572
19 250 141 0.1554 0.0828
20 213 153 -0.4872 0.7535
21 246 143 0.1800 0.0843
22 211 154 -0.4518 0.7239
23 260 147 0.1560 0.9991
24 265 159 -0.1559 0.9992
25 305 91 0.1276 0.4744
26 318 95 -0.1893 0.9717
27 343 135 0.3024 0.4995
28 361 151 0.0432 0.9451
29 345 148 0.3166 0.5759
30 361 166 0.0694 0.9125
31 365 126 0.3065 0.6184
32 392 144 0.0743 0.9343
