0 44 104 -0.5582 0.9999
1 48 114 -0.5211 0.9999
2 45 117 -0.5210 0.9998
3 43 120 -0.5216 0.9999
4 55 107 -0.5285 0.9999
5 57 104 -0.5281 0.9999
6 59 102 -0.5286 0.9999
7 39 124 -0.1885 0.9999
8 62 97 -0.2124 1.0000
9 34 103 -0.4286 0.9999
10 41 93 -0.4365 1.0000
11 7 121 -0.0127 0.9995
12 39 51 -0.0099 0.9999
13 -60 145 -0.1288 0.9573
14 19 5 -0.0763 0.9501
15 -30 165 -0.3118 0.9030
16 -8 -48 -0.5012 0.7312
17 -21 176 -0.3704 0.7200
18 -13 -64 -0.5348 0.5940
19 -15 173 -0.3012 0.7311
20 -14 -58 -0.6355 0.6553
21 -18 165 -0.2998 0.7586
22 -16 -51 -0.5533 0.6890
23 -96 56 -0.0493 0.0624
24 -70 12 0.0514 0.0747
25 -184 6 -0.0322 0.0085
26 -157 -37 0.1668 0.0065
27 -258 -33 0.4418 0.0006
28 -241 -76 0.5199 0.0004
29 -266 -34 0.4650 0.0008
30 -251 -81 0.5433 0.0010
31 -289 -50 -0.0310 0.0012
32 -270 -81 -0.0422 0.0005
