0 304 200 -0.0837 0.9989
1 309 199 -0.0616 0.9982
2 309 200 -0.0617 0.9981
3 309 201 -0.0617 0.9982
4 309 197 -0.0859 0.9985
5 309 196 -0.0859 0.9986
6 308 194 -0.0861 0.9986
7 304 199 0.0419 0.9978
8 304 189 -0.0715 0.9979
9 299 201 -0.0433 0.9972
10 298 197 -0.0761 0.9975
11 275 203 0.0770 0.9980
12 272 176 -0.1514 0.9986
13 322 207 0.0043 0.9142
14 278 201 -0.2737 0.9547
15 365 215 -0.0906 0.9524
16 299 209 -0.2929 0.9211
17 381 217 -0.1261 0.9242
18 304 212 -0.3321 0.8939
19 382 217 -0.1374 0.9217
20 306 208 -0.3378 0.8941
21 376 216 -0.1045 0.9259
22 303 207 -0.2980 0.8829
23 190 199 0.0830 0.9987
24 186 182 -0.0827 0.9989
25 137 216 0.0146 0.8397
26 147 214 -0.2928 0.9840
27 71 213 0.0260 0.8746
28 70 214 -0.2348 0.9807
29 66 202 0.0204 0.8942
30 65 203 -0.2298 0.9536
31 42 223 -0.0572 0.9093
32 38 226 -0.3149 0.9749
