0 81 67 -0.1202 1.0000
1 80 65 -0.0751 1.0000
2 81 64 -0.0750 1.0000
3 82 64 -0.0753 1.0000
4 78 66 -0.0972 1.0000
5 77 67 -0.0971 1.0000
6 76 69 -0.0977 1.0000
7 83 65 0.1681 1.0000
8 73 73 0.0662 1.0000
9 85 69 -0.0258 1.0000
10 82 72 -0.0561 1.0000
11 98 73 0.3159 0.9995
12 73 91 0.0700 1.0000
13 114 71 0.3016 0.4869
14 69 126 -0.1156 0.9981
15 104 67 0.1469 0.3479
16 100 122 -0.2765 0.9722
17 103 66 0.1097 0.2930
18 108 125 -0.3135 0.9231
19 100 66 0.1325 0.2964
20 110 118 -0.3057 0.9252
21 100 67 0.1480 0.3062
22 108 117 -0.2675 0.9180
23 128 108 0.0765 0.9821
24 114 126 -0.0765 0.9962
25 142 95 -0.1826 0.9415
26 130 143 -0.3230 0.9690
27 175 111 0.0276 0.8249
28 169 165 -0.2070 0.8354
29 178 116 0.0437 0.8217
30 172 169 -0.1946 0.7328
31 190 113 -0.1228 0.7098
32 190 168 -0.4217 0.6108
