0 320 136 0.0871 1.0000
1 329 140 0.1277 1.0000
2 330 145 0.1277 0.9999
3 330 149 0.1274 1.0000
4 326 130 0.1411 0.9999
5 324 127 0.1410 0.9999
6 322 125 0.1406 1.0000
7 324 158 0.2955 0.9999
8 314 126 0.3505 1.0000
9 312 149 0.1397 0.9998
10 309 134 0.1551 0.9998
11 286 194 0.2217 0.9998
12 256 128 0.3827 0.9999
13 226 221 0.2028 0.4166
14 296 74 0.3404 0.9864
15 178 240 0.2122 0.0443
16 341 124 0.5365 0.4781
17 164 251 0.2089 0.0573
18 349 136 0.5110 0.1699
19 162 248 0.1675 0.0629
20 347 139 0.5915 0.1486
21 164 241 0.1940 0.0800
22 344 136 0.5567 0.2039
23 157 224 -0.0988 0.9988
24 142 180 0.0981 0.9992
25 52 162 -0.3323 0.4143
26 49 161 -0.1808 0.2438
27 2 238 -0.4535 0.3013
28 -14 232 -0.2802 0.0590
29 -5 255 -0.4615 0.4361
30 -18 248 -0.2913 0.0795
31 -27 254 -0.5529 0.3415
32 -55 241 -0.4038 0.0838
