0 267 146 0.0312 0.9997
1 275 143 0.0082 0.9997
2 277 144 0.0084 0.9997
3 279 145 0.0083 0.9998
4 272 141 0.0557 0.9994
5 272 141 0.0558 0.9993
6 271 141 0.0557 0.9997
7 286 152 -0.0151 0.9991
8 277 147 0.2069 0.9996
9 268 156 0.0225 0.9989
10 264 153 0.0866 0.9968
11 278 195 -0.0363 0.9996
12 252 172 0.2873 0.9969
13 298 178 -0.0658 0.9454
14 236 125 0.4672 0.6902
15 299 161 0.2805 0.1496
16 273 144 0.6242 0.1112
17 299 158 0.3153 0.1026
18 283 147 0.6125 0.0753
19 294 162 0.3123 0.1048
20 283 152 0.6742 0.0699
21 292 163 0.2844 0.1305
22 279 153 0.6440 0.0782
23 167 201 -0.1569 0.9998
24 157 185 0.1565 0.9997
25 134 117 -0.2534 0.9946
26 145 101 0.0470 0.7010
27 63 174 -0.2549 0.9980
28 80 134 0.1140 0.8459
29 62 201 -0.2486 0.9954
30 80 151 0.1155 0.8787
31 16 180 -0.2705 0.9971
32 56 106 0.0935 0.9027
