0 161 104 0.0837 1.0000
1 156 105 0.1122 1.0000
2 156 106 0.1121 1.0000
3 156 106 0.1117 1.0000
4 155 107 0.0812 1.0000
5 154 108 0.0811 1.0000
6 153 109 0.0811 1.0000
7 156 114 0.2240 1.0000
8 152 118 0.0840 1.0000
9 167 109 0.1261 1.0000
10 165 110 0.0848 1.0000
11 194 124 0.3391 1.0000
12 161 144 -0.0419 1.0000
13 223 106 0.6384 0.9323
14 112 168 -0.1571 0.9999
15 245 81 0.7464 0.9830
16 59 186 -0.2156 0.9999
17 250 75 0.7915 0.9640
18 44 191 -0.2464 0.9993
19 249 73 0.7409 0.9732
20 43 190 -0.2712 0.9993
21 248 76 0.7248 0.9741
22 47 188 -0.2342 0.9994
23 259 178 0.1190 0.9988
24 244 189 -0.1191 0.9989
25 333 189 -0.0069 0.5676
26 321 207 -0.2188 0.8933
27 397 218 0.0800 0.1461
28 394 236 -0.1689 0.3179
29 401 226 0.0837 0.3145
30 397 246 -0.1659 0.3233
31 429 208 -0.0211 0.1497
32 430 228 -0.3042 0.2415
