0 301 129 -0.1139 1.0000
1 307 131 -0.1111 1.0000
2 308 133 -0.1110 1.0000
3 308 136 -0.1110 1.0000
4 305 126 -0.0949 1.0000
5 304 125 -0.0949 1.0000
6 304 124 -0.0948 1.0000
7 308 143 -0.0529 1.0000
8 303 127 0.0162 1.0000
9 297 135 -0.0909 1.0000
10 294 129 -0.0704 1.0000
11 275 175 -0.0185 1.0000
12 273 118 0.0360 1.0000
13 237 193 0.0119 0.9952
14 238 98 0.0719 0.9761
15 202 209 -0.0179 0.9949
16 202 89 0.0198 0.9386
17 190 214 -0.0389 0.9874
18 189 87 0.0058 0.8909
19 190 210 -0.0754 0.9883
20 188 92 -0.0302 0.8923
21 193 208 -0.0324 0.9862
22 192 94 0.0017 0.8971
23 188 165 -0.0015 0.9999
24 188 132 0.0014 0.9999
25 128 178 0.0049 0.9924
26 125 115 -0.0080 0.9981
27 74 174 0.0745 0.9933
28 67 104 0.0408 0.9962
29 67 167 0.0747 0.9420
30 60 110 0.0398 0.8838
31 48 194 -0.0273 0.9853
32 41 88 -0.0716 0.9891
