0 360 180 -0.1413 0.9983
1 365 184 -0.1678 0.9983
2 365 185 -0.1678 0.9981
3 366 186 -0.1679 0.9987
4 366 183 -0.1260 0.9976
5 366 184 -0.1260 0.9968
6 366 184 -0.1261 0.9977
7 364 194 -0.2282 0.9990
8 365 192 -0.0447 0.9969
9 354 183 -0.1590 0.9990
10 354 182 -0.1056 0.9981
11 334 205 -0.3172 1.0000
12 334 194 0.0910 0.9992
13 287 208 -0.3355 0.9896
14 295 191 0.1507 0.1599
15 259 183 -0.2837 0.9759
16 264 177 0.0864 0.2130
17 249 181 -0.3227 0.9588
18 253 175 0.0819 0.2164
19 251 177 -0.3233 0.9583
20 254 177 0.0457 0.2258
21 255 178 -0.2812 0.9386
22 258 178 0.0685 0.2260
23 255 203 -0.1225 0.9992
24 259 196 0.1224 0.9978
25 196 195 -0.1237 0.3167
26 203 194 0.1404 0.0645
27 140 207 -0.0628 0.5264
28 150 199 0.2178 0.0842
29 133 214 -0.0612 0.5891
30 142 204 0.2207 0.1741
31 123 190 -0.1545 0.6496
32 141 185 0.1515 0.2034
