0 199 134 -0.2851 0.9999
1 197 131 -0.2664 0.9999
2 198 131 -0.2664 0.9999
3 200 130 -0.2666 0.9999
4 192 135 -0.2762 0.9999
5 190 137 -0.2763 0.9999
6 188 139 -0.2765 1.0000
7 202 132 -0.1383 0.9998
8 185 148 -0.1830 1.0000
9 206 137 -0.2322 0.9999
10 200 141 -0.2455 1.0000
11 235 140 -0.0709 0.9995
12 187 185 -0.1436 1.0000
13 274 174 -0.0800 0.5556
14 185 249 -0.1837 0.9770
15 305 209 -0.2024 0.7247
16 239 244 -0.2675 0.9697
17 313 220 -0.2430 0.6786
18 256 253 -0.3126 0.9472
19 302 220 -0.2833 0.6991
20 259 239 -0.3324 0.9475
21 299 219 -0.2202 0.7507
22 254 235 -0.2726 0.9512
23 257 198 0.0132 0.9998
24 232 225 -0.0141 0.9999
25 232 125 -0.1087 0.7819
26 183 199 -0.2224 0.8636
27 295 179 -0.2312 0.6645
28 252 206 -0.2685 0.7380
29 300 190 -0.2393 0.7527
30 263 208 -0.2637 0.7552
31 327 181 -0.3004 0.7120
32 274 204 -0.3308 0.7616
