0 113 138 -0.0736 0.9996
1 106 138 -0.0615 0.9988
2 106 138 -0.0617 0.9987
3 105 138 -0.0619 0.9991
4 106 141 -0.0934 0.9993
5 106 144 -0.0934 0.9993
6 105 146 -0.0934 0.9993
7 106 146 0.0386 0.9990
8 106 157 -0.1054 0.9989
9 119 141 -0.0319 0.9982
10 119 144 -0.0737 0.9994
11 133 157 0.1477 0.9974
12 132 167 -0.1705 0.9997
13 173 147 0.1815 0.0313
14 173 162 -0.2619 0.7909
15 193 140 0.0919 0.0524
16 171 147 -0.2818 0.4911
17 202 134 0.0752 0.0845
18 173 144 -0.3078 0.5274
19 200 136 0.0529 0.0848
20 173 144 -0.3030 0.5325
21 197 139 0.0783 0.0835
22 173 146 -0.2781 0.5417
23 227 149 0.1084 0.9975
24 239 161 -0.1081 0.9991
25 220 91 0.1184 0.6938
26 284 94 -0.1625 0.9868
27 250 126 0.1460 0.6791
28 324 153 -0.1016 0.9922
29 250 137 0.1464 0.6989
30 321 165 -0.0930 0.9883
31 275 128 0.1596 0.7521
32 359 163 -0.0964 0.9871
