0 136 116 -1.4423 1.0000
1 128 114 -1.4179 1.0000
2 126 112 -1.4177 1.0000
3 125 109 -1.4179 1.0000
4 133 124 -1.4150 1.0000
5 134 127 -1.4153 1.0000
6 135 128 -1.4154 1.0000
7 124 104 -1.1656 1.0000
8 138 132 -1.1484 1.0000
9 141 109 -1.3386 1.0000
10 146 117 -1.3338 1.0000
11 143 78 -0.9462 0.9999
12 165 133 -0.9105 0.9996
13 181 54 -1.2479 0.9961
14 208 125 -1.2469 0.9783
15 186 67 -1.7691 0.9841
16 204 109 -1.7936 0.9196
17 192 71 -1.9020 0.9627
18 207 108 -1.9099 0.8555
19 187 78 -1.8814 0.9675
20 198 106 -1.8887 0.8616
21 185 78 -1.7697 0.9481
22 194 103 -1.7946 0.8062
23 195 75 -0.0314 0.9591
24 203 107 0.0329 0.9463
25 233 66 -0.7073 0.4117
26 239 103 -0.3891 0.2059
27 268 61 -0.0431 0.0162
28 277 87 0.1087 0.0165
29 273 60 0.0049 0.0236
30 284 83 0.1433 0.0113
31 289 62 -0.2891 0.0098
32 293 81 -0.1382 0.0114
