0 338 219 -0.0630 0.9766
1 344 217 -0.0547 0.9525
2 344 216 -0.0547 0.9357
3 344 215 -0.0546 0.9514
4 344 218 -0.1051 0.9599
5 345 217 -0.1051 0.9575
6 345 216 -0.1052 0.9674
7 344 206 0.0237 0.9524
8 346 207 -0.2047 0.9618
9 335 215 -0.0268 0.9594
10 336 215 -0.0931 0.9726
11 318 188 0.1524 0.9544
12 325 196 -0.2652 0.9938
13 339 198 0.3343 0.0563
14 372 210 -0.3001 0.9404
15 328 198 0.4474 0.0173
16 360 197 0.0037 0.2849
17 326 197 0.4588 0.0262
18 357 192 0.0035 0.2404
19 322 196 0.4354 0.0292
20 350 192 0.0184 0.2286
21 322 198 0.4325 0.0347
22 350 194 0.0135 0.2291
23 212 185 0.1575 0.9801
24 212 194 -0.1579 0.9919
25 143 197 0.2022 0.3100
26 138 206 -0.2310 0.9812
27 70 179 0.3027 0.5646
28 55 192 -0.2397 0.9888
29 61 168 0.3077 0.5768
30 45 180 -0.2453 0.9771
31 53 198 0.2589 0.6805
32 43 214 -0.3586 0.9754
