0 29 84 -0.3187 1.0000
1 28 83 -0.2875 0.9998
2 28 83 -0.2876 0.9998
3 29 82 -0.2877 0.9998
4 27 84 -0.2986 0.9999
5 27 85 -0.2986 0.9999
6 26 85 -0.2987 0.9999
7 29 83 -0.1288 0.9996
8 27 86 -0.1803 0.9999
9 30 84 -0.2607 0.9999
10 29 86 -0.2757 0.9999
11 38 82 -0.0582 0.9999
12 32 97 -0.1035 0.9999
13 44 73 -0.0106 0.9819
14 41 106 -0.0996 0.9769
15 47 64 -0.1300 0.9689
16 46 114 -0.2394 0.9632
17 49 60 -0.1568 0.9236
18 47 117 -0.2703 0.9316
19 49 60 -0.1983 0.9336
20 48 116 -0.3147 0.9397
21 48 61 -0.1538 0.9389
22 47 116 -0.2617 0.9350
23 60 94 -0.0040 0.9998
24 57 103 0.0040 0.9999
25 75 91 -0.1806 0.9708
26 67 116 -0.2044 0.9832
27 77 92 0.3260 0.5075
28 74 105 0.1614 0.7883
29 75 92 0.3782 0.4201
30 75 106 0.1993 0.6248
31 81 93 0.3429 0.5233
32 82 108 0.1389 0.7370
