0 120 66 -0.6664 0.9991
1 113 75 -0.6388 0.9986
2 109 74 -0.6389 0.9981
3 104 73 -0.6391 0.9984
4 127 78 -0.6268 0.9990
5 132 79 -0.6261 0.9987
6 135 79 -0.6265 0.9990
7 97 69 -0.3578 0.9983
8 141 76 -0.2809 0.9992
9 112 53 -0.5518 0.9991
10 128 56 -0.5306 0.9994
11 73 26 -0.2350 0.9967
12 169 31 -0.0850 0.9984
13 41 -28 -0.3874 0.3909
14 201 -32 -0.1065 0.5819
15 57 -17 -0.6196 0.3104
16 210 -81 -0.4935 0.2432
17 56 -17 -0.7240 0.2966
18 219 -98 -0.5727 0.2664
19 62 -10 -0.6808 0.3521
20 210 -94 -0.6430 0.3508
21 65 -11 -0.6192 0.3580
22 204 -89 -0.5382 0.3672
23 97 -113 -0.1318 0.0025
24 160 -108 0.1360 0.0027
25 111 -227 -0.2109 0.0018
26 168 -225 0.2122 0.0008
27 119 -332 0.2782 0.0001
28 171 -328 0.5021 0.0000
29 118 -348 0.2985 0.0001
30 172 -342 0.5235 0.0001
31 130 -363 -0.2161 0.0002
32 170 -360 -0.0154 0.0002
