0 187 82 -1.5693 0.9992
1 190 65 -1.5308 0.9982
2 198 61 -1.5307 0.9977
3 203 59 -1.5308 0.9978
4 172 75 -1.5296 0.9984
5 167 78 -1.5299 0.9981
6 162 81 -1.5302 0.9984
7 214 60 -1.2538 0.9947
8 154 90 -1.2499 0.9976
9 205 91 -1.4598 0.9935
10 182 101 -1.4583 0.9947
11 260 117 -1.0009 0.8370
12 148 151 -1.0328 0.8360
13 296 192 -0.9332 0.2785
14 157 236 -1.0103 0.7774
15 293 271 -0.9627 0.0480
16 172 309 -1.0756 0.4697
17 301 289 -1.0205 0.0445
18 168 329 -1.1548 0.3329
19 286 293 -1.0497 0.0533
20 179 327 -1.1876 0.3663
21 279 286 -0.9777 0.0624
22 186 319 -1.0946 0.3567
23 252 221 -0.0420 0.4306
24 196 227 0.0427 0.3672
25 250 213 0.2126 0.0214
26 176 224 0.2809 0.0603
27 226 221 0.9938 0.0154
28 205 210 1.0303 0.0157
29 222 225 1.0634 0.0160
30 211 206 1.1039 0.0178
31 223 234 0.9163 0.0140
32 213 229 0.9816 0.0167
