0 83 70 -0.0970 0.9999
1 86 70 -0.1236 0.9999
2 86 70 -0.1237 0.9999
3 87 71 -0.1238 0.9999
4 86 70 -0.0783 0.9999
5 86 70 -0.0784 0.9999
6 86 70 -0.0785 0.9999
7 87 75 -0.2059 0.9999
8 86 74 -0.0007 0.9999
9 81 72 -0.1247 1.0000
10 81 72 -0.0652 0.9999
11 73 85 -0.2675 0.9998
12 72 81 0.1101 0.9996
13 50 90 -0.2659 0.8965
14 53 82 0.1290 0.0935
15 49 69 -0.2294 0.9504
16 47 72 0.0123 0.1336
17 48 63 -0.2658 0.9380
18 45 71 0.0033 0.1427
19 52 61 -0.2411 0.9364
20 46 69 -0.0376 0.1412
21 49 66 -0.2172 0.9074
22 46 70 -0.0095 0.1436
23 42 90 -0.1037 0.9999
24 43 88 0.1038 0.9997
25 45 79 -0.1409 0.9484
26 41 79 0.3794 0.4089
27 50 66 -0.0104 0.6716
28 47 73 0.5606 0.2559
29 49 64 0.0047 0.6890
30 47 72 0.5816 0.3294
31 57 58 -0.0026 0.6919
32 53 71 0.6152 0.4189
