0 295 83 -0.3742 1.0000
1 301 84 -0.3345 1.0000
2 303 86 -0.3343 1.0000
3 306 88 -0.3345 1.0000
4 294 78 -0.3336 1.0000
5 291 77 -0.3337 1.0000
6 288 76 -0.3338 1.0000
7 308 96 -0.1417 1.0000
8 280 81 -0.1443 1.0000
9 296 96 -0.3077 1.0000
10 284 88 -0.3087 0.9999
11 306 134 -0.1113 0.9997
12 238 112 -0.0638 0.9994
13 372 107 -0.3066 0.9922
14 215 80 -0.3032 0.9904
15 317 109 -0.2100 0.3042
16 260 95 -0.4275 0.3312
17 307 107 -0.2226 0.0785
18 269 96 -0.4684 0.1039
19 304 111 -0.1553 0.0764
20 269 100 -0.3887 0.0910
21 306 113 -0.1873 0.0892
22 265 101 -0.4065 0.0880
23 258 216 -0.0489 0.9989
24 219 203 0.0487 0.9986
25 191 204 -0.4887 0.4284
26 181 230 -0.2833 0.2885
27 181 300 -0.3693 0.3146
28 194 308 -0.1165 0.1498
29 183 315 -0.3533 0.5227
30 201 315 -0.0976 0.1477
31 165 325 -0.4574 0.4057
32 184 337 -0.2266 0.1665
