0 233 150 -0.8846 0.9893
1 227 141 -0.8775 0.9942
2 228 138 -0.8775 0.9926
3 229 136 -0.8776 0.9960
4 224 153 -0.8810 0.9932
5 224 156 -0.8811 0.9874
6 223 159 -0.8811 0.9877
7 232 136 -0.7367 0.9923
8 223 166 -0.7483 0.9820
9 243 149 -0.8203 0.9593
10 238 160 -0.8237 0.8998
11 261 138 -0.5367 0.9985
12 237 181 -0.5690 0.9533
13 290 132 -0.4105 0.7349
14 254 196 -0.3352 0.1320
15 310 134 -0.4467 0.6686
16 267 182 -0.1640 0.1017
17 315 130 -0.4715 0.5473
18 271 179 -0.1653 0.0914
19 313 133 -0.4933 0.5851
20 269 175 -0.1784 0.0860
21 310 136 -0.4566 0.5879
22 268 174 -0.1646 0.0818
23 284 183 0.0003 0.9904
24 269 204 0.0002 0.9843
25 294 188 0.4138 0.1208
26 277 213 0.4020 0.1167
27 292 195 0.8332 0.0884
28 282 211 0.8151 0.0586
29 290 197 0.8763 0.1577
30 284 210 0.8579 0.0658
31 301 197 0.8364 0.1451
32 297 215 0.8036 0.1098
