0 57 149 -0.7335 0.9999
1 66 150 -0.7103 0.9999
2 67 152 -0.7100 0.9999
3 69 154 -0.7102 0.9999
4 60 142 -0.7000 0.9998
5 58 140 -0.6997 0.9998
6 57 139 -0.6998 0.9998
7 71 159 -0.4622 0.9999
8 54 138 -0.4056 0.9999
9 56 157 -0.6320 1.0000
10 50 150 -0.6165 1.0000
11 56 186 -0.2906 0.9999
12 31 142 -0.2140 0.9997
13 18 221 -0.5547 0.9909
14 -13 158 -0.5089 0.9573
15 26 193 -0.9902 0.9915
16 6 162 -1.0761 0.9700
17 39 189 -1.0774 0.9612
18 13 165 -1.1678 0.9147
19 46 185 -1.0095 0.9593
20 18 161 -1.1243 0.9124
21 43 186 -0.9701 0.9611
22 18 161 -1.0713 0.9133
23 -2 210 -0.0324 0.9490
24 -25 180 0.0352 0.9241
25 -55 231 0.0836 0.0108
26 -69 201 0.3711 0.0043
27 -93 245 0.8076 0.0001
28 -107 216 1.0848 0.0000
29 -99 248 0.8682 0.0002
30 -113 219 1.1485 0.0001
31 -113 249 0.5352 0.0001
32 -122 227 0.7904 0.0001
