0 203 67 -0.3352 0.9999
1 203 59 -0.3775 0.9999
2 206 58 -0.3773 0.9999
3 208 56 -0.3773 0.9999
4 198 61 -0.3225 0.9999
5 197 61 -0.3226 0.9999
6 196 61 -0.3228 0.9999
7 218 50 -0.4044 1.0000
8 203 55 -0.1474 1.0000
9 213 70 -0.3306 1.0000
10 206 71 -0.2561 1.0000
11 258 71 -0.4684 1.0000
12 210 67 0.0202 0.9999
13 223 111 -0.6176 0.9950
14 165 90 -0.1922 0.6135
15 155 112 -0.6731 0.9950
16 141 111 -0.6166 0.7281
17 140 121 -0.7531 0.9906
18 135 125 -0.6877 0.7248
19 137 115 -0.7436 0.9908
20 141 123 -0.7228 0.7272
21 141 112 -0.6686 0.9856
22 145 120 -0.6466 0.7169
23 246 164 -0.1649 0.9996
24 218 154 0.1646 0.9993
25 197 126 -0.5129 0.9849
26 153 108 -0.0743 0.7949
27 146 203 -0.4675 0.9517
28 122 193 -0.1686 0.5700
29 149 214 -0.4543 0.9092
30 129 204 -0.1807 0.6195
31 108 223 -0.5588 0.9302
32 82 218 -0.3024 0.5465
