0 -4 153 -0.1443 0.9989
1 -14 156 -0.1134 0.9979
2 -14 154 -0.1136 0.9976
3 -13 153 -0.1138 0.9980
4 -16 162 -0.1733 0.9989
5 -16 166 -0.1734 0.9988
6 -16 169 -0.1737 0.9989
7 -8 161 0.0697 0.9975
8 -10 183 -0.1884 0.9991
9 5 154 -0.0667 0.9985
10 4 159 -0.1415 0.9995
11 38 154 0.2966 0.9945
12 34 196 -0.3295 0.9998
13 102 164 0.4388 0.0926
14 107 204 -0.4091 0.9850
15 126 153 0.2547 0.1355
16 136 155 -0.4696 0.9652
17 148 152 0.2222 0.1846
18 150 150 -0.5263 0.9475
19 141 151 0.1597 0.1848
20 146 144 -0.5177 0.9442
21 138 152 0.2207 0.1910
22 141 146 -0.4594 0.9272
23 168 154 0.1844 0.9806
24 170 180 -0.1838 0.9932
25 239 84 -0.1020 0.9055
26 259 180 -0.3131 0.9579
27 271 164 0.2057 0.3945
28 338 190 -0.1767 0.8500
29 267 181 0.2344 0.4390
30 344 200 -0.1656 0.7287
31 303 170 0.2207 0.4273
32 377 172 -0.3084 0.8034
