0 328 35 -0.0740 0.9984
1 326 32 -0.0597 0.9978
2 326 31 -0.0597 0.9970
3 327 31 -0.0598 0.9980
4 323 34 -0.0784 0.9980
5 322 35 -0.0784 0.9968
6 321 37 -0.0784 0.9979
7 326 32 0.0164 0.9966
8 318 41 -0.0677 0.9983
9 330 37 -0.0436 0.9983
10 328 40 -0.0679 0.9994
11 339 40 0.0743 0.9997
12 321 62 -0.0800 0.9998
13 362 47 0.0303 0.3892
14 339 82 -0.1165 0.9561
15 356 31 -0.0994 0.3877
16 352 54 -0.1121 0.8590
17 354 28 -0.1231 0.3573
18 357 48 -0.1223 0.7470
19 351 27 -0.1151 0.3382
20 353 45 -0.1157 0.7282
21 351 30 -0.1010 0.3263
22 352 47 -0.1070 0.6664
23 372 67 0.0561 0.9931
24 364 82 -0.0561 0.9904
25 401 52 -0.0212 0.1592
26 392 66 -0.1300 0.2792
27 420 69 0.0882 0.0867
28 419 89 -0.0011 0.1729
29 420 75 0.0985 0.1201
30 421 95 0.0134 0.1808
31 436 68 0.0657 0.0976
32 436 90 -0.0232 0.1995
