0 127 32 0.4468 1.0000
1 131 31 0.4921 1.0000
2 132 31 0.4923 1.0000
3 134 32 0.4922 1.0000
4 127 30 0.5021 1.0000
5 125 30 0.5021 1.0000
6 124 30 0.5022 1.0000
7 136 35 0.6389 1.0000
8 123 33 0.6839 1.0000
9 130 36 0.4924 0.9998
10 125 35 0.5042 0.9998
11 142 50 0.5774 0.9999
12 108 49 0.6852 0.9996
13 168 30 0.6615 0.9744
14 94 32 0.9135 0.8288
15 140 35 1.1283 0.3860
16 118 36 1.4099 0.0818
17 136 35 1.1786 0.2217
18 124 35 1.4468 0.0396
19 135 36 1.1905 0.2128
20 125 37 1.4963 0.0389
21 136 37 1.1391 0.2033
22 123 37 1.4318 0.0475
23 127 97 -0.0579 1.0000
24 101 98 0.0574 1.0000
25 132 146 -0.3978 0.9858
26 75 139 -0.2016 0.9202
27 144 209 -0.5511 0.9787
28 39 199 -0.3391 0.9780
29 140 222 -0.5644 0.9059
30 40 214 -0.3599 0.8921
31 156 221 -0.7176 0.9825
32 9 200 -0.5306 0.9600
