0 108 113 -0.3624 1.0000
1 111 107 -0.2597 0.9998
2 114 106 -0.2600 0.9999
3 118 105 -0.2602 1.0000
4 101 112 -0.2777 0.9999
5 97 114 -0.2782 1.0000
6 94 117 -0.2782 1.0000
7 126 111 0.1733 1.0000
8 92 129 0.0686 1.0000
9 120 119 -0.2244 1.0000
10 106 126 -0.2519 1.0000
11 171 151 0.1572 1.0000
12 90 185 0.1586 1.0000
13 206 97 -0.0588 0.9991
14 13 158 -0.0005 0.9985
15 147 145 0.0799 0.6724
16 94 155 0.7592 0.5851
17 138 156 0.0191 0.0628
18 112 157 0.7592 0.0271
19 137 161 0.1453 0.0486
20 118 160 0.8780 0.0170
21 138 160 0.1229 0.0299
22 112 160 0.7823 0.0151
23 189 261 -0.0885 0.0979
24 130 262 0.0892 0.1029
25 220 371 -0.2634 0.4316
26 133 386 -0.2421 0.3964
27 242 478 0.0141 0.1694
28 171 495 -0.0968 0.3839
29 248 493 0.0214 0.3320
30 176 509 -0.0902 0.3704
31 239 510 -0.5039 0.1262
32 186 526 -0.6227 0.1276
