0 82 101 0.1533 1.0000
1 85 98 0.2396 1.0000
2 87 98 0.2394 1.0000
3 88 98 0.2398 1.0000
4 79 98 0.2527 1.0000
5 77 98 0.2528 1.0000
6 75 99 0.2530 1.0000
7 92 102 0.5958 1.0000
8 72 103 0.6528 1.0000
9 86 106 0.2712 1.0000
10 78 106 0.2875 1.0000
11 107 128 0.6573 0.9998
12 58 127 0.7646 0.9999
13 122 143 0.2376 0.9214
14 41 144 0.4191 0.9744
15 142 155 -0.4789 0.9320
16 25 159 -0.2047 0.9592
17 153 158 -0.5915 0.9567
18 18 164 -0.3032 0.9500
19 149 157 -0.6831 0.9606
20 23 164 -0.3660 0.9439
21 142 158 -0.5271 0.9582
22 27 163 -0.2391 0.9568
23 100 164 -0.0538 0.9964
24 68 166 0.0544 0.9972
25 122 156 -1.0358 0.9962
26 44 166 -1.0940 0.9950
27 106 200 -2.1806 0.9657
28 51 200 -2.1931 0.9468
29 98 217 -2.3398 0.9947
30 56 215 -2.3402 0.9991
31 115 192 -2.6289 0.9953
32 47 192 -2.5543 0.9967
