0 137 206 -0.3886 0.9999
1 136 198 -0.3846 0.9999
2 138 196 -0.3845 0.9999
3 139 194 -0.3845 0.9999
4 131 206 -0.3950 0.9999
5 130 209 -0.3951 0.9999
6 129 211 -0.3951 0.9999
7 141 193 -0.3027 0.9999
8 130 216 -0.3578 0.9999
9 143 207 -0.3517 0.9998
10 139 213 -0.3680 0.9999
11 160 206 -0.2505 0.9999
12 146 235 -0.2041 0.9998
13 188 219 -0.1601 0.8211
14 162 246 -0.0422 0.5829
15 177 236 -0.1178 0.8963
16 159 242 0.0739 0.7971
17 175 240 -0.1275 0.8483
18 157 241 0.0906 0.7106
19 170 238 -0.1249 0.8518
20 156 243 0.0747 0.7306
21 171 238 -0.1144 0.8135
22 157 243 0.0730 0.7179
23 202 200 -0.0175 0.9998
24 205 216 0.0175 0.9998
25 201 197 -0.1652 0.8854
26 203 225 -0.1890 0.6532
27 227 188 0.0801 0.7831
28 233 203 0.0371 0.7016
29 228 187 0.1070 0.7295
30 235 199 0.0618 0.6791
31 244 186 0.0704 0.8292
32 250 197 0.0139 0.7608
