0 235 130 -0.5087 0.9997
1 250 134 -0.5988 0.9998
2 251 137 -0.5990 0.9998
3 252 140 -0.5994 0.9998
4 250 131 -0.4938 0.9997
5 251 131 -0.4936 0.9997
6 252 131 -0.4940 0.9997
7 255 161 -0.7338 0.9999
8 255 152 -0.2596 0.9998
9 223 143 -0.5364 0.9998
10 224 137 -0.4011 0.9996
11 178 203 -0.7964 0.9982
12 205 161 0.0981 0.9990
13 71 157 -0.8301 0.9730
14 122 121 0.2462 0.5419
15 151 86 -0.4936 0.9640
16 168 91 0.0987 0.7598
17 163 64 -0.5033 0.9176
18 179 72 0.1054 0.6706
19 177 69 -0.4587 0.9185
20 189 77 0.0955 0.6637
21 174 77 -0.4569 0.9080
22 184 84 0.0835 0.6692
23 4 184 -0.2425 0.7950
24 11 136 0.2444 0.8717
25 -131 169 -0.1780 0.0777
26 -121 113 0.4740 0.0731
27 -253 163 0.1704 0.0055
28 -241 116 0.7594 0.0064
29 -274 172 0.1876 0.0084
30 -258 120 0.7754 0.0100
31 -273 130 -0.1024 0.0047
32 -271 100 0.5136 0.0065
