0 189 55 -0.1313 1.0000
1 192 55 -0.0888 0.9999
2 193 57 -0.0889 0.9999
3 194 58 -0.0890 0.9999
4 189 53 -0.0791 0.9999
5 189 52 -0.0791 0.9999
6 188 52 -0.0790 0.9999
7 195 63 0.0822 0.9999
8 185 55 0.1234 0.9998
9 188 61 -0.0750 0.9998
10 184 57 -0.0630 0.9998
11 192 91 0.0799 0.9999
12 154 66 0.1974 0.9998
13 209 118 0.0296 0.9969
14 123 65 0.1726 0.9029
15 228 140 -0.0892 0.9917
16 96 59 -0.0139 0.9538
17 235 148 -0.1230 0.9721
18 88 57 -0.0460 0.9114
19 234 147 -0.1829 0.9763
20 89 56 -0.1076 0.9231
21 232 145 -0.1234 0.9785
22 92 57 -0.0509 0.9302
23 138 135 -0.0418 0.9998
24 117 117 0.0418 0.9999
25 114 180 -0.2012 0.9840
26 78 146 -0.0473 0.9918
27 90 225 -0.0751 0.9846
28 40 179 0.1096 0.9962
29 79 229 -0.0741 0.9400
30 37 192 0.1101 0.9687
31 97 244 -0.2801 0.9825
32 16 170 -0.0841 0.9916
