0 85 185 -0.1039 1.0000
1 87 182 -0.1082 1.0000
2 88 181 -0.1082 1.0000
3 89 181 -0.1083 1.0000
4 85 182 -0.0822 0.9999
5 85 182 -0.0822 0.9999
6 84 181 -0.0821 1.0000
7 92 181 -0.0971 1.0000
8 86 181 0.0174 0.9999
9 88 187 -0.0988 0.9999
10 86 187 -0.0662 1.0000
11 101 191 -0.1665 0.9999
12 93 192 0.1516 0.9995
13 108 205 -0.1913 0.9792
14 94 202 0.2199 0.1773
15 90 205 -0.1251 0.9773
16 87 202 0.2197 0.4190
17 86 203 -0.1564 0.9626
18 84 201 0.2269 0.4155
19 85 202 -0.1430 0.9614
20 83 199 0.2104 0.4222
21 86 202 -0.1192 0.9468
22 85 200 0.2110 0.4384
23 134 202 -0.1080 0.9998
24 131 204 0.1082 0.9991
25 163 206 -0.1356 0.9874
26 153 201 0.1498 0.2425
27 189 206 -0.1022 0.9926
28 162 176 0.2482 0.5321
29 191 203 -0.0948 0.9928
30 162 172 0.2593 0.7429
31 205 210 -0.1453 0.9862
32 171 172 0.2477 0.6318
