0 362 61 0.0739 0.9998
1 369 56 0.0391 0.9998
2 371 56 0.0390 0.9998
3 372 57 0.0389 0.9998
4 368 55 0.0906 0.9998
5 369 55 0.0908 0.9998
6 370 55 0.0908 0.9997
7 385 63 -0.0448 0.9999
8 382 61 0.1844 0.9997
9 365 69 0.0477 0.9998
10 364 69 0.1143 0.9988
11 390 107 -0.1870 1.0000
12 376 94 0.3266 0.9951
13 361 181 -0.1877 0.9951
14 339 142 0.3882 0.0248
15 305 124 0.1051 0.9685
16 316 120 0.3664 0.0219
17 290 119 0.1281 0.9114
18 309 114 0.3786 0.0280
19 294 110 0.1612 0.9068
20 308 111 0.3758 0.0264
21 299 111 0.1350 0.8929
22 305 114 0.3602 0.0315
23 282 170 -0.1901 0.9999
24 280 150 0.1900 0.9991
25 164 157 -0.2370 0.9867
26 221 64 0.0798 0.5131
27 54 165 -0.2126 0.9937
28 174 151 0.2582 0.5849
29 44 175 -0.2069 0.9870
30 176 170 0.2695 0.6161
31 8 143 -0.2803 0.9914
32 131 164 0.2549 0.6431
