0 137 70 -0.5956 0.9995
1 130 78 -0.5679 0.9991
2 126 77 -0.5679 0.9989
3 121 76 -0.5681 0.9990
4 145 81 -0.5598 0.9994
5 151 83 -0.5592 0.9992
6 155 83 -0.5596 0.9994
7 116 74 -0.3080 0.9992
8 161 79 -0.2600 0.9997
9 130 57 -0.4915 0.9993
10 145 61 -0.4789 0.9996
11 93 33 -0.2121 0.9951
12 188 37 -0.0695 0.9969
13 45 17 -0.3929 0.7433
14 223 -18 -0.1665 0.5480
15 54 84 -0.4349 0.8144
16 236 -57 -0.5669 0.2666
17 50 103 -0.5024 0.6958
18 245 -73 -0.6263 0.2772
19 57 106 -0.4285 0.7153
20 236 -69 -0.6809 0.3536
21 62 97 -0.4192 0.7329
22 230 -64 -0.6047 0.3708
23 115 -109 -0.1094 0.0057
24 178 -102 0.1128 0.0049
25 126 -227 -0.2379 0.0026
26 187 -224 0.1654 0.0011
27 133 -338 0.1346 0.0002
28 188 -331 0.3957 0.0000
29 132 -354 0.1448 0.0002
30 189 -345 0.4100 0.0002
31 145 -370 -0.3244 0.0003
32 186 -366 -0.0812 0.0002
