0 270 194 -0.0368 0.9949
1 276 190 -0.0168 0.9905
2 276 190 -0.0169 0.9901
3 276 189 -0.0169 0.9919
4 276 190 -0.0762 0.9907
5 276 189 -0.0763 0.9918
6 276 188 -0.0765 0.9929
7 272 181 0.0992 0.9832
8 272 180 -0.1648 0.9931
9 263 193 0.0164 0.9898
10 263 192 -0.0598 0.9931
11 237 168 0.3204 0.9970
12 243 185 -0.3360 0.9998
13 190 174 0.3712 0.0198
14 195 195 -0.4165 0.9415
15 153 180 0.3262 0.0255
16 149 198 -0.3876 0.8684
17 140 184 0.3432 0.0332
18 136 199 -0.4414 0.8238
19 140 183 0.2964 0.0316
20 136 200 -0.4153 0.7983
21 145 183 0.3023 0.0333
22 140 199 -0.3768 0.7509
23 139 171 0.2085 0.9880
24 137 180 -0.2088 0.9894
25 65 177 0.2406 0.1802
26 59 185 -0.1746 0.8935
27 2 165 0.3823 0.2775
28 -3 171 -0.0585 0.8987
29 -1 156 0.3857 0.3813
30 -19 156 -0.0531 0.8536
31 -18 188 0.2926 0.4339
32 -30 193 -0.1820 0.8678
