0 212 88 0.9672 1.0000
1 216 87 0.9967 0.9995
2 218 88 0.9971 0.9998
3 221 88 0.9969 0.9997
4 210 86 0.9883 0.9994
5 208 86 0.9878 0.9996
6 207 86 0.9879 0.9992
7 224 89 1.0153 0.9996
8 204 88 0.9773 0.9998
9 217 92 0.9628 0.9999
10 210 91 0.9503 0.9999
11 244 99 0.8734 1.0000
12 184 100 0.8249 1.0000
13 265 127 0.7542 0.9779
14 157 123 0.7257 0.9683
15 290 147 0.5457 0.9989
16 131 144 0.6774 0.9993
17 303 152 0.5326 0.9990
18 120 149 0.6939 0.9993
19 300 151 0.5075 0.9988
20 124 149 0.6784 0.9992
21 294 150 0.5301 0.9988
22 129 148 0.6754 0.9991
23 234 135 0.0447 0.9998
24 195 135 -0.0448 0.9999
25 262 175 -0.5353 0.9972
26 153 170 -0.6703 0.9984
27 270 232 -0.9736 0.7336
28 152 218 -1.0243 0.8265
29 264 247 -1.0408 0.9798
30 157 230 -1.0810 0.9760
31 289 237 -1.2217 0.9951
32 135 222 -1.2616 0.9968
