0 270 37 -0.0747 1.0000
1 275 33 -0.0580 1.0000
2 278 33 -0.0579 1.0000
3 282 33 -0.0582 1.0000
4 269 34 -0.0372 1.0000
5 268 35 -0.0372 1.0000
6 266 36 -0.0372 1.0000
7 291 39 0.0309 1.0000
8 270 42 0.1281 1.0000
9 277 43 -0.0452 1.0000
10 269 44 -0.0168 1.0000
11 328 92 0.0820 0.9999
12 250 73 0.1379 1.0000
13 370 106 -0.1470 0.9966
14 191 80 0.1119 0.9937
15 382 60 -0.4209 0.9880
16 137 69 -0.0463 0.9812
17 385 48 -0.4702 0.9555
18 122 65 -0.0611 0.9449
19 383 46 -0.4469 0.9535
20 123 64 -0.1095 0.9504
21 380 49 -0.4226 0.9529
22 127 65 -0.0750 0.9567
23 284 198 0.0068 0.9972
24 235 185 -0.0065 0.9984
25 326 209 -0.4830 0.9813
26 208 235 -0.3904 0.9835
27 269 266 -0.3626 0.7688
28 192 288 -0.3871 0.8931
29 252 270 -0.3511 0.7833
30 185 322 -0.3887 0.7524
31 265 297 -0.4612 0.7312
32 167 328 -0.5479 0.8358
