0 105 106 -0.4847 0.9996
1 88 118 -0.4232 0.9993
2 88 118 -0.4237 0.9995
3 88 119 -0.4239 0.9994
4 90 125 -0.5616 0.9994
5 91 131 -0.5619 0.9996
6 92 138 -0.5627 0.9994
7 101 144 -0.1120 0.9995
8 105 174 -0.7123 0.9997
9 130 109 -0.3588 0.9994
10 131 118 -0.5319 0.9997
11 241 142 0.2406 0.9897
12 245 220 -0.9491 0.9968
13 374 156 0.3829 0.0291
14 423 261 -1.0165 0.3910
15 534 142 0.1855 0.0383
16 543 228 -0.9716 0.0959
17 575 130 0.1375 0.0540
18 587 231 -1.0615 0.1226
19 577 143 0.0498 0.0725
20 587 216 -1.1017 0.1590
21 562 150 0.1263 0.0724
22 570 217 -0.9896 0.1484
23 538 133 0.2913 0.0097
24 549 230 -0.2880 0.0082
25 766 128 0.3398 0.0025
26 782 222 -0.1926 0.0104
27 970 132 0.9471 0.0009
28 987 234 0.2038 0.0019
29 1009 142 0.9732 0.0008
30 1029 256 0.2131 0.0024
31 1020 78 0.5440 0.0109
32 1029 157 -0.4023 0.0057
