0 55 145 -0.7040 0.9982
1 59 145 -0.6650 0.9972
2 61 146 -0.6652 0.9977
3 64 147 -0.6658 0.9979
4 51 142 -0.6617 0.9958
5 47 139 -0.6617 0.9956
6 45 138 -0.6619 0.9948
7 66 152 -0.3766 0.9976
8 42 137 -0.3710 0.9946
9 56 156 -0.5888 0.9981
10 43 150 -0.5873 0.9957
11 63 187 -0.2009 0.9975
12 21 148 -0.1335 0.9846
13 41 218 -0.0150 0.7839
14 1 148 0.0482 0.5607
15 22 246 -0.1075 0.5876
16 1 147 0.0268 0.3273
17 19 255 -0.1398 0.5413
18 0 149 0.0028 0.3043
19 17 251 -0.2071 0.5787
20 4 146 -0.0406 0.3308
21 18 248 -0.1365 0.6049
22 4 146 0.0033 0.3631
23 -1 231 -0.0378 0.9369
24 -21 208 0.0388 0.8962
25 -16 248 -0.1251 0.5501
26 -53 210 -0.0103 0.6532
27 -52 269 0.6659 0.2317
28 -73 245 0.5849 0.2816
29 -55 272 0.7365 0.2261
30 -72 249 0.6429 0.2613
31 -67 279 0.5365 0.1509
32 -91 259 0.4076 0.1807
