0 152 90 -0.1441 0.9921
1 146 81 -0.2035 0.9919
2 147 80 -0.2035 0.9905
3 147 79 -0.2035 0.9918
4 146 82 -0.1302 0.9923
5 147 81 -0.1303 0.9916
6 147 80 -0.1303 0.9946
7 154 72 -0.3535 0.9861
8 154 72 -0.0140 0.9941
9 160 91 -0.1889 0.9916
10 160 91 -0.0912 0.9946
11 185 92 -0.5401 0.9994
12 185 75 0.2133 0.9997
13 141 148 -0.4863 0.9195
14 148 127 0.3161 0.1887
15 97 176 -0.1425 0.7642
16 108 158 0.1853 0.2443
17 86 187 -0.1695 0.6907
18 95 171 0.1942 0.2603
19 83 181 -0.1567 0.6923
20 93 169 0.1120 0.2750
21 88 178 -0.1296 0.6416
22 99 166 0.1465 0.2626
23 208 203 -0.2271 0.9967
24 205 186 0.2272 0.9976
25 100 165 -0.2490 0.8388
26 118 134 0.5125 0.2507
27 116 211 0.3016 0.3632
28 126 196 0.5115 0.1472
29 126 214 0.3695 0.3469
30 135 203 0.5023 0.1543
31 100 218 0.6067 0.3916
32 112 218 0.5933 0.1872
