0 225 151 -0.3643 0.9993
1 225 147 -0.3859 0.9995
2 226 146 -0.3858 0.9994
3 228 145 -0.3859 0.9995
4 222 148 -0.3579 0.9991
5 221 147 -0.3581 0.9990
6 220 147 -0.3582 0.9993
7 234 140 -0.3998 0.9992
8 223 146 -0.2785 0.9993
9 230 151 -0.3621 0.9994
10 227 152 -0.3272 0.9995
11 253 151 -0.3979 0.9988
12 223 145 -0.1672 0.9998
13 260 176 -0.4124 0.9789
14 221 162 -0.1695 0.6961
15 241 180 -0.3783 0.9768
16 213 179 -0.3097 0.9182
17 232 184 -0.4161 0.9533
18 210 182 -0.3325 0.9156
19 227 181 -0.4117 0.9566
20 211 181 -0.3596 0.9265
21 228 180 -0.3769 0.9378
22 214 180 -0.3243 0.9234
23 280 161 -0.0734 0.9995
24 261 163 0.0734 0.9997
25 275 187 -0.2894 0.8785
26 247 182 -0.0394 0.4720
27 293 176 -0.0043 0.4141
28 277 175 0.1304 0.2747
29 295 171 0.0298 0.4693
30 281 173 0.1515 0.3180
31 297 182 0.0655 0.4469
32 284 182 0.1683 0.3098
