0 149 221 -0.3567 0.9998
1 150 216 -0.3672 0.9998
2 151 216 -0.3671 0.9998
3 152 215 -0.3672 0.9997
4 149 217 -0.3537 0.9995
5 148 217 -0.3537 0.9995
6 148 218 -0.3536 0.9994
7 157 215 -0.3575 0.9999
8 153 218 -0.2950 0.9991
9 153 223 -0.3475 0.9971
10 152 225 -0.3302 0.9978
11 173 224 -0.3267 0.9992
12 166 228 -0.1865 0.9983
13 176 231 -0.2336 0.7210
14 165 238 -0.1000 0.1253
15 166 235 -0.0851 0.2600
16 158 245 -0.0235 0.1333
17 164 236 -0.0886 0.1781
18 155 246 -0.0130 0.1244
19 164 234 -0.0861 0.1848
20 157 247 -0.0321 0.1395
21 164 233 -0.0802 0.1889
22 158 247 -0.0295 0.1683
23 210 202 -0.0564 0.9999
24 205 203 0.0564 0.9999
25 205 201 0.0747 0.9388
26 186 193 0.2548 0.2248
27 191 187 0.2275 0.8547
28 160 183 0.4073 0.5513
29 187 186 0.2478 0.8834
30 157 182 0.4262 0.4864
31 193 178 0.2465 0.8196
32 153 178 0.4248 0.5342
