0 85 66 -0.9904 0.9999
1 89 74 -0.9965 0.9999
2 88 77 -0.9966 0.9999
3 88 80 -0.9969 0.9999
4 92 67 -0.9691 0.9999
5 93 65 -0.9693 0.9999
6 95 63 -0.9697 0.9999
7 86 85 -0.7750 0.9999
8 97 65 -0.6680 0.9999
9 78 70 -0.8843 0.9999
10 82 62 -0.8550 0.9999
11 66 93 -0.6906 0.9990
12 76 55 -0.3067 0.9994
13 13 89 -0.9278 0.9599
14 34 53 -0.2723 0.4154
15 50 62 -1.3307 0.9731
16 30 57 -0.5769 0.4765
17 60 55 -1.4091 0.9623
18 28 56 -0.6168 0.4541
19 67 60 -1.3667 0.9649
20 34 55 -0.6337 0.4644
21 63 61 -1.3152 0.9516
22 35 57 -0.5906 0.4746
23 4 84 -0.1450 0.9324
24 9 62 0.1453 0.9381
25 4 60 -0.3753 0.6941
26 15 21 -0.1699 0.7400
27 -8 65 0.1879 0.1893
28 -2 56 0.3245 0.1952
29 -10 70 0.2512 0.2061
30 0 63 0.3875 0.2661
31 -16 54 0.2800 0.1618
32 -14 50 0.4493 0.1576
