0 109 114 -0.0505 0.9998
1 103 110 -0.0259 0.9994
2 103 110 -0.0259 0.9988
3 103 109 -0.0259 0.9990
4 101 112 -0.0640 0.9997
5 99 113 -0.0640 0.9997
6 98 115 -0.0641 0.9998
7 99 115 0.1020 0.9978
8 91 122 -0.0751 0.9998
9 112 120 -0.0004 0.9971
10 110 122 -0.0517 0.9993
11 124 143 0.2601 0.9979
12 103 157 -0.1838 1.0000
13 165 161 0.3699 0.0102
14 145 179 -0.2684 0.9775
15 192 165 0.3697 0.0354
16 197 181 -0.2463 0.9389
17 207 169 0.3822 0.0418
18 213 184 -0.2745 0.8957
19 200 167 0.3462 0.0433
20 214 180 -0.2520 0.8965
21 197 163 0.3525 0.0441
22 210 178 -0.2333 0.8682
23 212 167 0.1405 0.9998
24 203 174 -0.1405 0.9997
25 271 129 0.1210 0.7413
26 221 95 -0.1525 0.9905
27 337 162 0.2290 0.9159
28 258 162 0.0207 0.9870
29 340 171 0.2356 0.9292
30 252 174 0.0429 0.9605
31 376 163 0.2095 0.9223
32 295 173 0.0978 0.9834
