0 211 102 -0.1601 0.9986
1 209 98 -0.1665 0.9992
2 209 96 -0.1666 0.9993
3 210 95 -0.1666 0.9994
4 208 101 -0.1435 0.9992
5 208 101 -0.1435 0.9989
6 207 102 -0.1436 0.9987
7 215 90 -0.1553 0.9996
8 211 98 -0.0476 0.9987
9 218 101 -0.1537 0.9988
10 216 105 -0.1224 0.9987
11 236 92 -0.1785 0.9998
12 234 99 0.0388 0.9988
13 250 80 -0.3680 0.8763
14 250 102 0.1190 0.0057
15 252 77 -0.5514 0.7886
16 251 99 0.1587 0.0094
17 252 76 -0.5861 0.8253
18 254 98 0.1821 0.0209
19 251 77 -0.5740 0.8056
20 252 100 0.1554 0.0221
21 253 78 -0.5490 0.7311
22 252 100 0.1495 0.0245
23 298 112 -0.0451 0.9994
24 296 120 0.0453 0.9980
25 316 91 -0.2094 0.9144
26 307 116 -0.1112 0.5630
27 278 90 -0.2092 0.4440
28 280 115 -0.1759 0.1436
29 275 93 -0.2058 0.6317
30 280 119 -0.1802 0.3631
31 257 86 -0.1954 0.5243
32 262 105 -0.1773 0.3531
