0 269 83 -0.4158 0.9988
1 263 82 -0.4040 0.9985
2 263 81 -0.4041 0.9982
3 263 80 -0.4042 0.9983
4 264 88 -0.4144 0.9990
5 264 92 -0.4145 0.9989
6 264 93 -0.4146 0.9991
7 265 81 -0.3041 0.9953
8 266 102 -0.3506 0.9988
9 275 80 -0.3742 0.9985
10 276 88 -0.3873 0.9989
11 286 73 -0.1890 0.9980
12 289 111 -0.3486 0.9996
13 324 70 -0.1595 0.6000
14 334 112 -0.3712 0.8176
15 354 69 -0.2088 0.7265
16 358 91 -0.3867 0.8291
17 365 67 -0.2195 0.6460
18 366 87 -0.4188 0.7343
19 363 69 -0.2409 0.6720
20 361 81 -0.4182 0.7378
21 361 73 -0.2182 0.6694
22 358 82 -0.3865 0.7042
23 339 95 0.0553 0.9935
24 339 120 -0.0553 0.9998
25 340 80 0.1835 0.2518
26 346 112 -0.3230 0.9631
27 362 82 0.3192 0.2227
28 372 92 -0.1769 0.7923
29 367 86 0.3327 0.2197
30 374 92 -0.1578 0.6635
31 371 69 0.3319 0.2550
32 383 77 -0.1837 0.7314
