0 339 187 -0.0447 0.9991
1 345 190 -0.0712 0.9991
2 345 191 -0.0712 0.9992
3 345 192 -0.0713 0.9994
4 345 190 -0.0331 0.9985
5 345 190 -0.0331 0.9985
6 346 191 -0.0332 0.9989
7 343 200 -0.1248 0.9991
8 344 197 0.0429 0.9985
9 333 189 -0.0596 0.9994
10 333 188 -0.0110 0.9979
11 316 212 -0.1940 0.9999
12 314 198 0.1527 0.9957
13 273 221 -0.2024 0.9889
14 279 202 0.2085 0.0303
15 262 187 -0.0871 0.9492
16 259 188 0.1442 0.0393
17 255 181 -0.0952 0.9094
18 252 180 0.1314 0.0583
19 261 179 -0.0815 0.9028
20 254 180 0.1033 0.0612
21 263 182 -0.0746 0.8704
22 256 182 0.1270 0.0612
23 224 205 -0.1024 0.9996
24 228 191 0.1024 0.9949
25 160 201 -0.1071 0.9911
26 188 149 0.0574 0.9030
27 98 205 -0.0367 0.9980
28 167 198 0.2537 0.8360
29 92 213 -0.0350 0.9767
30 173 208 0.2724 0.8463
31 74 188 -0.1300 0.9971
32 140 205 0.2796 0.9036
