0 218 111 -0.1768 1.0000
1 210 113 -0.1418 0.9999
2 207 110 -0.1418 1.0000
3 204 108 -0.1419 0.9999
4 219 122 -0.1429 0.9999
5 222 124 -0.1432 1.0000
6 225 125 -0.1435 0.9999
7 202 100 0.0352 1.0000
8 231 124 0.0373 1.0000
9 219 98 -0.1095 0.9999
10 229 107 -0.1101 0.9999
11 207 53 0.1026 0.9994
12 273 99 0.0697 0.9981
13 194 10 -0.2309 0.9176
14 322 89 -0.2356 0.8546
15 169 33 -0.5751 0.9290
16 310 108 -0.5907 0.9550
17 159 37 -0.6289 0.8288
18 311 112 -0.6413 0.9258
19 161 45 -0.5834 0.8236
20 303 116 -0.6148 0.9252
21 168 43 -0.5676 0.8414
22 303 111 -0.5911 0.9255
23 282 -4 0.0129 0.9814
24 323 25 -0.0117 0.9741
25 319 -69 -0.0020 0.5425
26 372 -29 0.0774 0.1579
27 368 -103 0.5073 0.0192
28 414 -70 0.4369 0.0296
29 375 -107 0.5521 0.0451
30 421 -77 0.4675 0.0220
31 394 -119 0.3672 0.0175
32 427 -94 0.2499 0.0198
