0 99 79 0.4951 0.9997
1 102 78 0.5397 0.9998
2 103 79 0.5397 0.9998
3 104 79 0.5394 0.9999
4 98 79 0.5546 0.9998
5 97 79 0.5546 0.9997
6 96 80 0.5544 0.9999
7 107 83 0.6635 0.9998
8 95 84 0.7318 0.9998
9 102 82 0.5269 0.9992
10 97 82 0.5458 0.9988
11 120 99 0.5573 0.9999
12 83 104 0.7341 0.9970
13 136 96 0.3823 0.9376
14 73 119 0.7647 0.1417
15 123 91 0.4495 0.5861
16 69 105 0.7416 0.0765
17 124 85 0.4507 0.4873
18 67 102 0.7237 0.0782
19 118 91 0.4782 0.4240
20 69 101 0.7484 0.0761
21 119 91 0.4603 0.3792
22 72 102 0.7422 0.0826
23 112 143 -0.0879 0.9999
24 85 143 0.0876 0.9996
25 96 181 -0.5292 0.9501
26 74 162 -0.4489 0.5436
27 92 243 -0.8784 0.8145
28 82 219 -0.6822 0.3618
29 95 249 -0.9135 0.6596
30 87 227 -0.7061 0.3061
31 75 257 -1.1382 0.9253
32 76 236 -0.8984 0.5971
