0 254 129 -0.5178 1.0000
1 242 127 -0.4899 1.0000
2 240 122 -0.4901 1.0000
3 239 119 -0.4902 1.0000
4 246 138 -0.4978 1.0000
5 248 142 -0.4976 1.0000
6 249 144 -0.4975 0.9999
7 241 115 -0.2830 1.0000
8 256 149 -0.3191 1.0000
9 261 120 -0.4346 1.0000
10 265 132 -0.4444 1.0000
11 260 95 -0.1718 1.0000
12 292 152 -0.1868 0.9989
13 274 66 -0.3706 0.9738
14 325 152 -0.3507 0.8664
15 273 63 -0.8170 0.9789
16 341 146 -0.7553 0.8707
17 275 54 -0.9202 0.9725
18 349 150 -0.8478 0.8711
19 275 59 -0.9345 0.9752
20 340 146 -0.8720 0.8822
21 276 64 -0.8351 0.9707
22 337 143 -0.7764 0.8744
23 341 71 -0.0068 0.9982
24 356 105 0.0078 0.9934
25 375 52 -0.0533 0.7460
26 392 99 -0.0217 0.5080
27 409 61 0.4589 0.2538
28 402 81 0.4746 0.1298
29 413 64 0.5054 0.3786
30 401 76 0.5211 0.2422
31 432 59 0.4136 0.1542
32 420 74 0.4258 0.0709
