0 96 143 -0.8395 0.9999
1 102 134 -0.8341 1.0000
2 105 134 -0.8341 1.0000
3 107 134 -0.8343 1.0000
4 91 134 -0.8269 1.0000
5 88 134 -0.8271 0.9999
6 86 133 -0.8272 0.9999
7 115 132 -0.7080 0.9999
8 83 132 -0.6776 0.9999
9 103 148 -0.7844 0.9999
10 92 148 -0.7755 0.9999
11 136 152 -0.5695 0.9999
12 78 151 -0.5319 0.9999
13 139 198 -0.6646 0.9635
14 75 183 -0.5930 0.8850
15 115 209 -0.8323 0.9358
16 56 201 -0.7669 0.8378
17 110 212 -0.9009 0.8667
18 51 206 -0.8291 0.7649
19 105 206 -0.9023 0.8728
20 54 206 -0.8501 0.7792
21 106 205 -0.8390 0.8078
22 58 205 -0.7832 0.7538
23 130 188 -0.0052 0.9997
24 106 188 0.0051 0.9997
25 129 191 0.3406 0.0956
26 113 194 0.3103 0.2626
27 117 188 0.7536 0.0310
28 106 187 0.7472 0.0467
29 114 188 0.7954 0.0403
30 105 186 0.7931 0.0329
31 113 195 0.7409 0.1155
32 106 193 0.7477 0.1240
