0 300 199 -0.0911 0.9992
1 306 198 -0.0694 0.9991
2 306 198 -0.0696 0.9989
3 305 198 -0.0696 0.9991
4 306 196 -0.0983 0.9988
5 306 195 -0.0983 0.9988
6 306 194 -0.0984 0.9990
7 302 195 0.0285 0.9992
8 303 188 -0.1027 0.9988
9 295 200 -0.0525 0.9990
10 295 197 -0.0908 0.9986
11 271 196 0.0912 0.9990
12 272 177 -0.2012 0.9991
13 310 202 0.0941 0.4204
14 310 193 -0.3822 0.9946
15 346 209 -0.0495 0.6431
16 364 212 -0.3759 0.9900
17 352 209 -0.0809 0.6062
18 380 215 -0.4176 0.9773
19 351 209 -0.1064 0.6153
20 382 214 -0.4010 0.9736
21 353 210 -0.0702 0.6264
22 376 212 -0.3721 0.9669
23 186 193 0.0907 0.9990
24 184 181 -0.0905 0.9990
25 133 213 0.0282 0.8077
26 137 214 -0.2279 0.9912
27 69 211 0.0474 0.8955
28 65 213 -0.1682 0.9865
29 63 200 0.0419 0.8903
30 60 202 -0.1645 0.9715
31 39 221 -0.0423 0.9167
32 33 224 -0.2434 0.9814
