0 371 108 -0.8650 0.9973
1 379 115 -0.8988 0.9965
2 379 119 -0.8988 0.9969
3 379 123 -0.8991 0.9970
4 382 109 -0.8526 0.9947
5 383 108 -0.8527 0.9943
6 385 107 -0.8531 0.9954
7 378 140 -0.8487 0.9972
8 386 118 -0.6380 0.9966
9 360 116 -0.8263 0.9993
10 364 108 -0.7666 0.9988
11 326 177 -0.7252 0.9998
12 362 106 -0.3691 0.9999
13 240 167 -0.7720 0.9776
14 316 71 -0.0725 0.7516
15 252 101 -0.9556 0.9514
16 288 37 -0.0940 0.8552
17 257 86 -1.0367 0.9263
18 278 31 -0.1192 0.8184
19 267 85 -1.0501 0.9299
20 279 37 -0.1755 0.8337
21 268 90 -0.9615 0.8916
22 282 40 -0.1177 0.8256
23 203 150 -0.0995 0.9996
24 222 104 0.0995 0.9990
25 113 136 0.1505 0.9868
26 153 92 0.4076 0.8965
27 55 135 0.6749 0.9735
28 135 122 1.1706 0.5455
29 49 139 0.7247 0.8746
30 131 132 1.2518 0.5336
31 16 112 0.5560 0.9621
32 104 120 1.2165 0.6950
