0 198 86 -1.5263 0.9999
1 203 68 -1.4888 0.9996
2 210 64 -1.4887 0.9996
3 215 61 -1.4888 0.9994
4 183 81 -1.4869 0.9997
5 177 85 -1.4871 0.9997
6 172 88 -1.4872 0.9996
7 229 63 -1.2080 0.9990
8 164 98 -1.1962 0.9997
9 218 96 -1.4152 0.9981
10 193 107 -1.4111 0.9987
11 278 118 -0.9278 0.8849
12 161 162 -0.9418 0.9378
13 326 168 -0.9519 0.1725
14 157 247 -0.9014 0.8437
15 339 217 -1.1163 0.0346
16 172 311 -0.9756 0.5557
17 352 227 -1.1711 0.0409
18 171 331 -1.0128 0.4217
19 340 230 -1.1929 0.0527
20 177 326 -1.0462 0.4654
21 332 227 -1.1307 0.0615
22 183 319 -0.9894 0.4420
23 275 237 -0.0282 0.3514
24 211 245 0.0293 0.3343
25 279 265 -0.0461 0.0394
26 197 275 0.0274 0.1005
27 262 292 0.7886 0.0113
28 233 287 0.7839 0.0188
29 259 299 0.8588 0.0100
30 241 286 0.8528 0.0160
31 260 318 0.7011 0.0120
32 244 319 0.6959 0.0267
