0 113 244 -0.5144 0.9998
1 114 249 -0.5765 0.9999
2 118 250 -0.5765 0.9999
3 122 251 -0.5766 0.9997
4 106 244 -0.5784 0.9999
5 104 242 -0.5786 0.9999
6 101 240 -0.5791 0.9999
7 134 247 -0.6624 0.9999
8 102 230 -0.6763 1.0000
9 125 238 -0.5215 0.9997
10 117 232 -0.5250 0.9998
11 211 229 -0.6004 0.9999
12 95 179 -0.6181 1.0000
13 273 204 -0.3994 0.9868
14 101 142 -0.3530 0.9671
15 281 163 -0.1279 0.5918
16 130 122 -0.0061 0.6677
17 289 150 -0.1241 0.6274
18 138 112 0.0263 0.6770
19 282 147 -0.1305 0.5850
20 143 112 0.0058 0.6395
21 276 151 -0.1227 0.4450
22 142 117 0.0007 0.5998
23 248 117 -0.0166 0.9998
24 194 95 0.0157 0.9998
25 274 105 0.5960 0.6640
26 206 79 0.6325 0.5022
27 284 67 1.1563 0.8479
28 228 39 1.2193 0.6638
29 279 47 1.2185 0.9043
30 243 29 1.2875 0.8045
31 276 77 1.3086 0.1393
32 231 48 1.3814 0.0818
