0 385 63 0.0204 0.9995
1 392 57 -0.0147 0.9994
2 394 57 -0.0148 0.9995
3 396 58 -0.0149 0.9996
4 392 57 0.0341 0.9994
5 393 57 0.0342 0.9994
6 394 57 0.0343 0.9994
7 408 65 -0.1101 0.9995
8 406 63 0.1063 0.9992
9 386 72 -0.0105 0.9995
10 385 72 0.0526 0.9977
11 412 109 -0.2277 1.0000
12 406 98 0.2290 0.9939
13 386 180 -0.1983 0.9938
14 372 146 0.3976 0.0282
15 328 118 0.0731 0.9600
16 340 131 0.5153 0.0196
17 312 110 0.0881 0.8976
18 331 127 0.5412 0.0253
19 315 101 0.1190 0.8941
20 331 124 0.5247 0.0242
21 320 103 0.0996 0.8711
22 333 126 0.5079 0.0271
23 307 170 -0.1721 0.9998
24 307 150 0.1722 0.9980
25 186 157 -0.2399 0.9844
26 246 67 0.0695 0.4793
27 80 165 -0.2277 0.9916
28 194 151 0.2416 0.5773
29 68 176 -0.2236 0.9834
30 194 163 0.2531 0.5734
31 25 143 -0.2913 0.9877
32 155 163 0.2499 0.6125
