0 67 151 -0.0203 0.9988
1 60 154 -0.0071 0.9980
2 60 154 -0.0073 0.9975
3 60 154 -0.0074 0.9980
4 60 156 -0.0524 0.9988
5 60 157 -0.0525 0.9987
6 60 159 -0.0526 0.9991
7 61 163 0.0785 0.9972
8 62 168 -0.1205 0.9987
9 73 152 0.0172 0.9970
10 73 155 -0.0407 0.9991
11 89 163 0.2069 0.9829
12 93 181 -0.2268 0.9998
13 125 168 0.3315 0.0520
14 133 189 -0.2154 0.9769
15 138 157 0.3228 0.0358
16 148 156 -0.0768 0.9485
17 138 154 0.3189 0.0526
18 153 150 -0.0786 0.9291
19 134 154 0.2937 0.0541
20 149 149 -0.0769 0.9260
21 133 155 0.3073 0.0597
22 146 151 -0.0677 0.9066
23 186 155 0.1342 0.9706
24 191 173 -0.1338 0.9922
25 226 106 0.1006 0.7664
26 256 166 -0.1492 0.9258
27 259 161 0.2233 0.5418
28 315 173 -0.1009 0.9503
29 259 176 0.2335 0.6134
30 323 181 -0.0980 0.8972
31 284 161 0.2322 0.6663
32 346 153 -0.1926 0.9414
