0 340 121 -0.5546 1.0000
1 343 108 -0.5130 1.0000
2 346 108 -0.5130 1.0000
3 348 108 -0.5130 1.0000
4 328 109 -0.5419 1.0000
5 322 109 -0.5419 1.0000
6 318 109 -0.5417 1.0000
7 348 113 -0.2984 1.0000
8 310 113 -0.4244 1.0000
9 344 135 -0.4758 1.0000
10 331 133 -0.5113 1.0000
11 321 145 -0.0191 0.9997
12 304 175 -0.4929 0.9999
13 342 206 -0.1386 0.4282
14 351 233 -0.3679 0.9847
15 348 172 -0.3816 0.2020
16 345 171 -0.0557 0.8746
17 347 166 -0.3904 0.1877
18 357 156 -0.0711 0.7592
19 343 163 -0.3879 0.1755
20 346 150 -0.0831 0.7401
21 341 167 -0.3878 0.1877
22 343 153 -0.0558 0.7271
23 201 185 0.1607 0.9999
24 197 213 -0.1602 0.9999
25 120 192 0.2310 0.3078
26 73 212 -0.3171 0.9996
27 109 101 0.1642 0.5088
28 100 98 -0.2047 0.9802
29 122 91 0.1519 0.5252
30 113 88 -0.1876 0.9726
31 104 77 0.2067 0.5320
32 67 67 -0.0917 0.9621
