0 76 175 -0.0148 0.9983
1 69 178 -0.0018 0.9969
2 69 178 -0.0019 0.9963
3 69 178 -0.0020 0.9970
4 69 180 -0.0480 0.9981
5 69 182 -0.0481 0.9980
6 69 184 -0.0482 0.9985
7 71 188 0.0825 0.9960
8 72 194 -0.1207 0.9979
9 84 176 0.0223 0.9957
10 84 179 -0.0368 0.9986
11 106 189 0.2147 0.9769
12 107 208 -0.2340 0.9997
13 146 195 0.3422 0.0451
14 150 218 -0.2381 0.9700
15 164 183 0.3357 0.0280
16 170 183 -0.1282 0.9378
17 169 180 0.3353 0.0420
18 176 177 -0.1375 0.9185
19 165 179 0.3051 0.0434
20 171 176 -0.1346 0.9148
21 163 180 0.3186 0.0485
22 167 179 -0.1200 0.8928
23 218 179 0.1371 0.9644
24 222 199 -0.1367 0.9908
25 263 122 0.1112 0.7815
26 298 193 -0.1492 0.9442
27 298 186 0.2458 0.5400
28 368 199 -0.0968 0.9643
29 298 202 0.2570 0.6215
30 376 208 -0.0939 0.9245
31 328 186 0.2555 0.6615
32 405 177 -0.1929 0.9540
