0 82 127 0.6687 0.9999
1 78 125 0.6258 0.9999
2 78 125 0.6257 0.9999
3 78 125 0.6258 0.9999
4 79 122 0.6386 0.9999
5 80 121 0.6386 0.9999
6 80 120 0.6383 0.9999
7 80 123 0.4397 0.9999
8 83 117 0.4925 0.9999
9 85 128 0.6055 0.9995
10 86 126 0.6194 0.9995
11 94 147 0.2503 0.9999
12 112 103 0.4004 0.9999
13 81 185 0.2120 0.9913
14 145 89 0.5375 0.9349
15 42 197 0.2998 0.9952
16 128 71 0.8436 0.7306
17 30 206 0.2976 0.9921
18 122 62 0.8870 0.6344
19 26 200 0.3016 0.9919
20 117 65 0.9023 0.6114
21 31 196 0.3076 0.9831
22 120 68 0.8612 0.6076
23 189 155 -0.0462 0.9999
24 196 131 0.0453 0.9999
25 223 208 -0.0954 0.9994
26 250 131 0.0697 0.9971
27 295 216 -0.3163 0.9952
28 314 136 -0.1721 0.9877
29 307 205 -0.3379 0.9974
30 325 144 -0.1974 0.9903
31 315 244 -0.3603 0.9611
32 329 125 -0.2286 0.9094
