0 93 150 -0.5058 0.9998
1 93 142 -0.4721 0.9997
2 95 140 -0.4719 0.9996
3 97 138 -0.4721 0.9997
4 85 147 -0.4859 0.9995
5 83 149 -0.4860 0.9993
6 80 150 -0.4859 0.9993
7 100 139 -0.2522 0.9998
8 78 155 -0.3246 0.9997
9 101 152 -0.4230 0.9999
10 92 159 -0.4446 0.9999
11 138 144 -0.1857 0.9999
12 93 196 -0.2155 0.9999
13 198 148 -0.2950 0.9473
14 35 209 -0.2719 0.9995
15 197 191 -0.5139 0.8559
16 57 154 0.0295 0.8392
17 202 204 -0.5746 0.8100
18 64 146 0.0236 0.4152
19 196 207 -0.5679 0.8094
20 68 147 0.0730 0.3913
21 194 204 -0.5149 0.7483
22 68 151 0.0473 0.4595
23 225 169 0.0405 0.9999
24 227 204 -0.0402 0.9998
25 287 122 -0.3709 0.9888
26 322 209 -0.1746 0.9798
27 343 197 -0.1144 0.9476
28 336 199 0.4654 0.6815
29 341 208 -0.0825 0.8728
30 330 203 0.5367 0.5212
31 388 214 -0.1968 0.9454
32 375 211 0.5371 0.6639
