0 94 143 -0.5155 0.9994
1 97 139 -0.4963 0.9990
2 99 140 -0.4964 0.9990
3 100 140 -0.4965 0.9989
4 92 137 -0.5051 0.9985
5 88 135 -0.5053 0.9985
6 85 134 -0.5053 0.9984
7 101 141 -0.3544 0.9989
8 79 134 -0.3969 0.9988
9 96 147 -0.4576 0.9997
10 87 146 -0.4702 0.9996
11 100 160 -0.2528 0.9997
12 63 154 -0.3135 0.9986
13 102 191 -0.2535 0.8980
14 64 185 -0.3097 0.9171
15 90 207 -0.3457 0.6452
16 79 202 -0.3700 0.6099
17 87 214 -0.3774 0.5509
18 82 208 -0.4002 0.5266
19 84 210 -0.3843 0.5550
20 84 205 -0.4086 0.5428
21 84 207 -0.3493 0.5173
22 84 202 -0.3734 0.4965
23 86 205 0.0021 0.9983
24 64 206 -0.0019 0.9962
25 94 223 -0.3214 0.3878
26 67 234 -0.3149 0.2891
27 80 242 -0.0264 0.1064
28 75 246 -0.0087 0.0816
29 77 244 0.0014 0.2187
30 76 245 0.0216 0.1207
31 80 257 -0.0640 0.1181
32 76 260 -0.0487 0.1093
