0 364 182 -0.1909 0.9978
1 369 185 -0.2170 0.9981
2 369 186 -0.2171 0.9979
3 369 187 -0.2172 0.9986
4 370 185 -0.1752 0.9974
5 370 185 -0.1751 0.9964
6 370 186 -0.1752 0.9976
7 367 194 -0.2749 0.9989
8 368 193 -0.0912 0.9972
9 358 184 -0.2078 0.9989
10 358 183 -0.1542 0.9981
11 335 204 -0.3550 0.9999
12 336 194 0.0491 0.9993
13 290 201 -0.3726 0.9874
14 298 192 0.1162 0.1672
15 261 180 -0.3276 0.9654
16 266 179 0.0594 0.2175
17 251 179 -0.3694 0.9462
18 256 177 0.0543 0.2232
19 253 176 -0.3705 0.9442
20 257 177 0.0162 0.2313
21 257 176 -0.3263 0.9202
22 260 178 0.0408 0.2294
23 259 204 -0.1187 0.9992
24 265 198 0.1187 0.9975
25 202 190 -0.1183 0.3372
26 209 193 0.1391 0.0671
27 144 200 -0.0469 0.5466
28 156 198 0.2238 0.0718
29 135 207 -0.0439 0.6096
30 147 203 0.2273 0.1401
31 141 181 -0.1312 0.6220
32 144 183 0.1578 0.1608
