0 164 106 0.0651 1.0000
1 158 107 0.0930 1.0000
2 159 107 0.0928 1.0000
3 159 108 0.0924 1.0000
4 157 109 0.0656 1.0000
5 156 110 0.0655 1.0000
6 155 112 0.0655 1.0000
7 159 116 0.2092 1.0000
8 154 121 0.0839 1.0000
9 170 110 0.1092 1.0000
10 168 112 0.0722 1.0000
11 198 125 0.3190 1.0000
12 163 149 -0.0233 1.0000
13 227 108 0.6250 0.9342
14 112 172 -0.1235 0.9999
15 248 84 0.7450 0.9852
16 58 190 -0.1622 0.9999
17 254 77 0.7905 0.9679
18 43 195 -0.1884 0.9993
19 254 76 0.7399 0.9767
20 41 194 -0.2167 0.9993
21 252 79 0.7240 0.9780
22 46 192 -0.1820 0.9994
23 264 182 0.1065 0.9989
24 247 195 -0.1067 0.9991
25 347 196 -0.0269 0.5495
26 328 215 -0.2190 0.8411
27 410 224 0.1057 0.1207
28 403 243 -0.1222 0.2200
29 414 231 0.1146 0.2518
30 406 250 -0.1144 0.1857
31 442 219 -0.0009 0.1043
32 438 240 -0.2625 0.1620
