0 382 164 -0.4781 0.9998
1 381 160 -0.4643 0.9997
2 381 160 -0.4641 0.9996
3 381 160 -0.4642 0.9998
4 379 159 -0.4874 0.9999
5 378 159 -0.4874 0.9998
6 376 159 -0.4874 0.9999
7 376 159 -0.3556 0.9995
8 370 159 -0.4601 0.9997
9 380 168 -0.4312 0.9988
10 378 168 -0.4612 0.9987
11 370 168 -0.2080 0.9986
12 345 171 -0.4254 0.9993
13 378 170 0.0040 0.1956
14 322 156 -0.3654 0.9388
15 381 181 0.1836 0.2579
16 325 181 -0.2723 0.7724
17 383 183 0.2022 0.2122
18 322 189 -0.2976 0.6574
19 380 183 0.1832 0.2223
20 327 185 -0.2953 0.6391
21 377 182 0.1792 0.2554
22 328 184 -0.2693 0.5202
23 313 166 0.0895 0.9978
24 304 168 -0.0898 0.9991
25 283 164 0.4308 0.0216
26 274 163 0.2113 0.7933
27 264 160 0.7670 0.0724
28 251 158 0.4987 0.7948
29 261 159 0.8060 0.1308
30 248 155 0.5347 0.6801
31 262 167 0.8047 0.1496
32 251 167 0.5033 0.6632
