0 202 75 -0.4135 0.9996
1 194 83 -0.3993 0.9994
2 188 82 -0.3993 0.9992
3 183 82 -0.3997 0.9993
4 209 85 -0.3914 0.9996
5 213 86 -0.3911 0.9994
6 218 86 -0.3912 0.9996
7 178 81 -0.2375 0.9991
8 225 85 -0.1862 0.9996
9 194 63 -0.3483 0.9998
10 211 66 -0.3338 0.9998
11 154 37 -0.1669 0.9980
12 256 45 -0.0687 0.9993
13 137 -25 -0.1378 0.4180
14 290 -9 -0.0923 0.7149
15 135 -75 -0.2011 0.0832
16 308 -45 -0.3815 0.3224
17 129 -92 -0.2406 0.0819
18 318 -56 -0.4292 0.2727
19 137 -89 -0.2561 0.1140
20 310 -53 -0.4771 0.3447
21 142 -83 -0.2136 0.1183
22 304 -50 -0.4107 0.3596
23 184 -95 -0.0844 0.0033
24 248 -89 0.0862 0.0039
25 198 -204 -0.0825 0.0033
26 259 -200 0.2437 0.0011
27 207 -306 0.2280 0.0005
28 264 -297 0.5567 0.0001
29 206 -322 0.2407 0.0002
30 265 -311 0.5844 0.0003
31 219 -336 -0.0580 0.0002
32 258 -331 0.2744 0.0002
