0 144 65 -0.0139 0.9976
1 143 63 -0.0326 0.9980
2 142 63 -0.0326 0.9971
3 141 64 -0.0327 0.9976
4 145 61 -0.0330 0.9982
5 146 61 -0.0331 0.9981
6 147 60 -0.0332 0.9987
7 141 65 -0.0869 0.9966
8 149 62 -0.0880 0.9981
9 143 69 -0.0290 0.9979
10 145 67 -0.0293 0.9980
11 139 84 -0.0622 0.9995
12 156 79 -0.1025 0.9997
13 149 98 0.0422 0.0859
14 162 104 -0.0549 0.2173
15 163 92 0.1259 0.0796
16 176 114 0.0173 0.1553
17 166 91 0.1285 0.0840
18 178 117 0.0215 0.1742
19 167 89 0.1165 0.0849
20 177 116 0.0052 0.1712
21 166 90 0.1215 0.0838
22 176 115 0.0126 0.1612
23 155 137 0.0047 0.9999
24 164 132 -0.0052 0.9998
25 159 135 0.0727 0.1726
26 170 129 0.0899 0.0477
27 168 156 0.1400 0.1727
28 169 145 0.1867 0.0575
29 170 159 0.1480 0.2615
30 168 148 0.1975 0.1216
31 172 159 0.1343 0.2455
32 173 146 0.1932 0.1125
