0 87 29 -0.1728 0.9992
1 90 26 -0.1387 0.9990
2 91 26 -0.1388 0.9989
3 93 26 -0.1390 0.9991
4 86 25 -0.1485 0.9984
5 85 25 -0.1486 0.9981
6 83 25 -0.1485 0.9979
7 95 28 0.0459 0.9993
8 81 27 -0.0013 0.9965
9 90 34 -0.1026 0.9985
10 85 33 -0.1163 0.9953
11 106 53 0.1528 0.9998
12 68 51 0.0188 0.9975
13 113 84 0.1778 0.9220
14 70 69 -0.2495 0.7499
15 126 109 0.0834 0.8740
16 78 43 -0.6020 0.8305
17 134 115 0.0701 0.7800
18 79 37 -0.6733 0.7661
19 134 115 0.0296 0.8007
20 77 37 -0.6698 0.7688
21 131 114 0.0645 0.7948
22 78 39 -0.6122 0.7369
23 92 112 0.0221 0.9993
24 70 112 -0.0219 0.9990
25 88 164 -0.0955 0.6608
26 65 165 -0.1538 0.5980
27 96 216 -0.0056 0.4654
28 56 220 -0.0740 0.6701
29 93 223 -0.0068 0.2222
30 58 228 -0.0752 0.3976
31 100 232 -0.1819 0.4442
32 41 244 -0.2650 0.6705
