0 347 82 -0.5182 0.9966
1 343 88 -0.5231 0.9920
2 341 88 -0.5229 0.9918
3 338 89 -0.5231 0.9937
4 350 88 -0.5145 0.9919
5 352 88 -0.5145 0.9907
6 354 89 -0.5147 0.9940
7 333 94 -0.4304 0.9978
8 356 94 -0.3890 0.9979
9 343 79 -0.4742 0.9952
10 350 78 -0.4630 0.9965
11 315 84 -0.3108 0.9981
12 371 88 -0.2609 0.9984
13 289 108 -0.3520 0.9977
14 406 110 -0.2810 0.9976
15 323 116 -0.1983 0.5500
16 365 116 -0.1434 0.4663
17 335 119 -0.1968 0.1157
18 355 118 -0.1450 0.0814
19 336 115 -0.1503 0.1076
20 354 114 -0.0837 0.0694
21 333 112 -0.1797 0.1140
22 357 112 -0.1231 0.0725
23 324 11 -0.0070 0.8238
24 361 11 0.0073 0.7250
25 320 -42 -0.1841 0.5531
26 362 -45 -0.0028 0.2819
27 327 -89 0.0251 0.0493
28 365 -96 0.1424 0.0497
29 328 -93 0.0450 0.0623
30 366 -102 0.1551 0.0395
31 333 -114 -0.0842 0.0286
32 360 -117 0.0161 0.0254
