0 311 223 -0.5823 0.9305
1 299 214 -0.6222 0.9224
2 300 210 -0.6221 0.9240
3 300 205 -0.6222 0.9352
4 299 216 -0.5851 0.9101
5 299 215 -0.5853 0.8990
6 299 214 -0.5856 0.9164
7 309 180 -0.6374 0.9136
8 304 196 -0.4659 0.8945
9 330 209 -0.5702 0.8012
10 329 212 -0.5219 0.7956
11 367 158 -0.5543 0.5602
12 341 204 -0.3020 0.8136
13 348 192 -0.5244 0.6382
14 319 234 -0.1427 0.1877
15 281 237 -0.2341 0.2715
16 269 244 -0.1154 0.0958
17 270 246 -0.2326 0.1986
18 256 255 -0.1512 0.1064
19 272 242 -0.2181 0.2156
20 263 252 -0.1572 0.1282
21 277 237 -0.2224 0.2263
22 267 249 -0.1287 0.1225
23 513 180 -0.0640 0.0649
24 501 211 0.0645 0.1475
25 574 186 0.2011 0.0140
26 556 213 0.3061 0.0237
27 663 183 0.6244 0.0023
28 653 213 0.6281 0.0072
29 678 180 0.6634 0.0045
30 667 210 0.6569 0.0100
31 684 192 0.5475 0.0072
32 684 219 0.5381 0.0118
