0 98 147 -0.6331 0.9999
1 103 139 -0.6280 0.9998
2 107 139 -0.6280 0.9998
3 110 139 -0.6280 0.9998
4 93 139 -0.6272 0.9999
5 90 138 -0.6273 0.9998
6 88 137 -0.6274 0.9998
7 117 138 -0.5185 0.9995
8 85 136 -0.5185 0.9999
9 104 153 -0.5846 0.9997
10 94 152 -0.5846 0.9998
11 129 158 -0.4003 0.9990
12 76 156 -0.3914 0.9997
13 135 200 -0.4259 0.9201
14 62 190 -0.3672 0.8971
15 109 210 -0.5371 0.7506
16 53 207 -0.4460 0.7147
17 103 214 -0.5740 0.5915
18 44 212 -0.4805 0.5677
19 99 208 -0.5711 0.6072
20 49 212 -0.4911 0.5987
21 100 206 -0.5381 0.5359
22 53 210 -0.4532 0.5550
23 117 198 -0.0051 0.9988
24 92 196 0.0051 0.9990
25 115 208 0.1624 0.1564
26 89 203 0.1114 0.2207
27 101 215 0.4587 0.0646
28 98 209 0.4146 0.1080
29 98 215 0.4880 0.0931
30 100 208 0.4450 0.1080
31 97 225 0.4492 0.0987
32 99 220 0.4023 0.1454
