0 368 149 -0.1468 0.9992
1 374 152 -0.1179 0.9988
2 374 154 -0.1180 0.9984
3 374 155 -0.1181 0.9983
4 375 146 -0.1523 0.9988
5 376 142 -0.1523 0.9987
6 377 139 -0.1523 0.9987
7 373 154 0.0603 0.9975
8 377 131 -0.0926 0.9986
9 361 150 -0.0736 0.9969
10 362 142 -0.1180 0.9968
11 344 146 0.2374 0.9984
12 351 118 -0.1578 0.9988
13 314 149 0.2810 0.0692
14 335 156 -0.2935 0.9266
15 299 163 0.1277 0.0834
16 318 167 -0.2988 0.6117
17 290 169 0.1043 0.1133
18 320 180 -0.3310 0.5519
19 291 165 0.0771 0.1258
20 313 170 -0.3376 0.5589
21 292 161 0.1089 0.1196
22 313 168 -0.3000 0.5265
23 237 143 0.1231 0.9941
24 234 121 -0.1232 0.9927
25 158 155 0.0446 0.6230
26 157 148 -0.2108 0.9046
27 76 157 0.0642 0.7015
28 70 158 -0.1596 0.9223
29 66 149 0.0562 0.5351
30 60 154 -0.1601 0.8212
31 49 165 -0.0827 0.7392
32 44 167 -0.3016 0.9203
