0 90 172 -0.3625 0.9999
1 84 164 -0.3578 0.9998
2 85 162 -0.3578 0.9998
3 86 159 -0.3580 0.9998
4 80 171 -0.3450 0.9997
5 79 174 -0.3450 0.9995
6 77 176 -0.3451 0.9996
7 90 155 -0.2605 0.9995
8 77 179 -0.2028 0.9993
9 99 170 -0.3182 0.9996
10 95 180 -0.3021 0.9996
11 124 154 -0.2924 0.9993
12 105 197 -0.0286 0.9986
13 162 207 -0.3903 0.9868
14 138 219 -0.0164 0.7096
15 99 215 -0.4106 0.9796
16 91 232 -0.1438 0.8304
17 83 216 -0.4390 0.9652
18 72 235 -0.1713 0.7795
19 78 210 -0.4275 0.9640
20 69 234 -0.1795 0.7738
21 84 209 -0.4063 0.9532
22 75 230 -0.1557 0.7716
23 221 168 -0.0841 0.9977
24 216 194 0.0839 0.9973
25 297 195 -0.1877 0.9946
26 297 211 -0.0464 0.9581
27 368 185 -0.0649 0.9933
28 363 196 0.0795 0.9637
29 376 178 -0.0554 0.9445
30 369 187 0.0874 0.8749
31 399 199 -0.1493 0.9876
32 392 204 0.0063 0.9513
