0 187 72 -0.4299 0.9980
1 180 78 -0.4226 0.9969
2 175 78 -0.4226 0.9958
3 170 77 -0.4231 0.9966
4 193 80 -0.4073 0.9977
5 197 81 -0.4070 0.9972
6 201 81 -0.4072 0.9980
7 164 76 -0.2615 0.9958
8 209 77 -0.1735 0.9980
9 180 59 -0.3618 0.9989
10 196 63 -0.3360 0.9992
11 138 37 -0.1922 0.9970
12 235 36 -0.0692 0.9991
13 116 -25 -0.2320 0.3116
14 269 -29 -0.1204 0.5778
15 121 -75 -0.3858 0.0867
16 284 -69 -0.4408 0.2779
17 115 -91 -0.4519 0.1059
18 294 -81 -0.5091 0.2641
19 124 -89 -0.4726 0.1510
20 287 -78 -0.5630 0.3564
21 129 -85 -0.4046 0.1527
22 280 -74 -0.4758 0.3649
23 161 -101 -0.0876 0.0021
24 223 -97 0.0896 0.0029
25 173 -217 -0.0690 0.0034
26 233 -214 0.1486 0.0015
27 176 -326 0.2883 0.0009
28 233 -320 0.3968 0.0001
29 174 -342 0.3072 0.0005
30 233 -333 0.4178 0.0004
31 186 -355 -0.0204 0.0003
32 227 -354 0.0606 0.0002
