0 237 75 -0.2588 0.9999
1 237 67 -0.2968 0.9999
2 239 65 -0.2966 0.9999
3 241 64 -0.2966 0.9999
4 233 68 -0.2469 0.9999
5 231 68 -0.2470 0.9999
6 230 68 -0.2472 0.9999
7 252 57 -0.3244 0.9999
8 240 62 -0.0918 0.9999
9 246 78 -0.2569 1.0000
10 241 80 -0.1891 0.9999
11 296 79 -0.3937 1.0000
12 249 77 0.0517 0.9998
13 257 124 -0.5573 0.9920
14 196 103 -0.1467 0.5175
15 185 126 -0.6296 0.9896
16 162 122 -0.5439 0.6603
17 168 134 -0.7040 0.9817
18 158 138 -0.6112 0.6642
19 167 128 -0.6947 0.9822
20 165 135 -0.6430 0.6662
21 172 125 -0.6267 0.9744
22 170 132 -0.5722 0.6547
23 286 184 -0.1593 0.9992
24 262 171 0.1590 0.9987
25 212 142 -0.3433 0.9787
26 185 126 0.0440 0.6888
27 161 222 -0.3576 0.9599
28 150 217 -0.0590 0.5158
29 171 236 -0.3513 0.9249
30 159 233 -0.0725 0.5539
31 120 247 -0.4266 0.9386
32 105 243 -0.1683 0.4734
