0 70 151 -0.1810 0.9999
1 68 145 -0.1369 0.9999
2 70 144 -0.1368 0.9999
3 71 143 -0.1369 0.9999
4 62 149 -0.1557 0.9999
5 59 151 -0.1557 0.9998
6 56 154 -0.1556 0.9999
7 73 145 0.0934 0.9999
8 51 162 -0.0006 0.9999
9 77 155 -0.0987 0.9999
10 70 161 -0.1270 1.0000
11 110 155 0.0877 0.9998
12 60 207 0.0745 0.9999
13 152 180 -0.0762 0.9690
14 4 226 -0.0378 0.9972
15 114 221 -0.3003 0.9506
16 34 180 0.0988 0.6286
17 106 234 -0.3578 0.9060
18 43 169 0.0934 0.2235
19 100 233 -0.2960 0.9029
20 46 170 0.1565 0.2006
21 101 230 -0.2763 0.8357
22 46 172 0.1225 0.2336
23 185 199 0.0672 0.9951
24 180 233 -0.0672 0.9977
25 216 134 -0.3246 0.9210
26 211 227 -0.6817 0.9585
27 267 220 -0.1858 0.8059
28 289 223 -0.5069 0.9287
29 264 233 -0.1674 0.7298
30 288 226 -0.4790 0.8987
31 299 232 -0.2930 0.8143
32 330 216 -0.5988 0.9220
