0 92 123 0.4074 0.9999
1 89 118 0.3677 0.9999
2 89 118 0.3676 0.9999
3 90 118 0.3676 0.9999
4 90 117 0.3913 0.9999
5 90 116 0.3912 0.9999
6 91 115 0.3910 0.9999
7 94 113 0.2160 0.9999
8 95 111 0.3193 0.9999
9 96 123 0.3566 0.9995
10 97 122 0.3856 0.9995
11 110 133 0.0745 0.9998
12 122 99 0.2994 0.9998
13 95 169 0.0313 0.9712
14 154 82 0.4496 0.9110
15 58 183 0.1034 0.9811
16 137 65 0.6853 0.7363
17 47 191 0.1024 0.9727
18 132 58 0.7183 0.6486
19 43 187 0.1072 0.9715
20 128 61 0.7264 0.6242
21 48 183 0.1121 0.9472
22 130 63 0.6968 0.6128
23 196 142 -0.0840 0.9999
24 202 123 0.0833 0.9999
25 227 196 -0.1667 0.9964
26 251 122 0.0600 0.9687
27 295 202 -0.3500 0.9878
28 313 127 -0.1486 0.9502
29 308 190 -0.3667 0.9915
30 324 134 -0.1710 0.9568
31 315 229 -0.3855 0.9747
32 325 120 -0.1935 0.9059
