0 194 52 -0.3039 1.0000
1 199 46 -0.2754 1.0000
2 201 46 -0.2754 1.0000
3 204 46 -0.2757 1.0000
4 189 46 -0.2417 1.0000
5 185 46 -0.2420 1.0000
6 181 46 -0.2421 1.0000
7 208 51 -0.0539 1.0000
8 178 51 0.0952 1.0000
9 198 63 -0.2241 1.0000
10 186 62 -0.1820 1.0000
11 218 101 -0.1864 0.9989
12 172 96 0.4481 0.9992
13 199 168 -0.1893 0.6370
14 141 140 0.3657 0.0522
15 153 143 0.0373 0.2367
16 124 118 -0.1073 0.0856
17 137 142 0.0523 0.2086
18 113 115 -0.1567 0.1181
19 142 132 0.0368 0.2199
20 114 109 -0.1692 0.1209
21 148 132 0.0436 0.2521
22 119 111 -0.1307 0.1323
23 196 207 -0.2592 0.9989
24 178 196 0.2588 0.9991
25 122 133 -0.3568 0.9635
26 111 128 0.2127 0.3727
27 64 219 -0.2678 0.9703
28 58 214 0.0972 0.5290
29 70 236 -0.2461 0.9419
30 63 230 0.0754 0.4614
31 20 244 -0.2928 0.9609
32 16 239 -0.0544 0.5094
