0 46 115 0.2504 0.9997
1 39 118 0.1954 0.9997
2 38 120 0.1955 0.9997
3 38 121 0.1955 0.9997
4 40 117 0.1921 0.9997
5 40 117 0.1922 0.9997
6 39 116 0.1921 0.9997
7 39 126 0.0382 0.9996
8 40 120 0.0202 0.9996
9 49 118 0.2093 0.9992
10 50 116 0.2032 0.9993
11 66 160 -0.0701 0.9988
12 67 107 0.0026 0.9990
13 89 203 0.0393 0.9951
14 82 64 0.0868 0.9893
15 47 202 0.2118 0.8840
16 41 64 0.2264 0.9290
17 35 204 0.2250 0.7727
18 27 62 0.2397 0.8642
19 34 198 0.2265 0.7712
20 25 69 0.2537 0.8590
21 38 196 0.2208 0.7357
22 31 71 0.2383 0.8096
23 168 147 -0.0208 0.9971
24 165 118 0.0205 0.9974
25 245 141 0.0460 0.9132
26 244 120 0.0504 0.8352
27 318 136 0.0490 0.8283
28 317 123 0.0600 0.6952
29 326 135 0.0506 0.8422
30 326 123 0.0624 0.6058
31 325 134 0.0312 0.7348
32 323 123 0.0309 0.6081
