0 188 57 -0.3019 1.0000
1 192 58 -0.2636 0.9998
2 193 59 -0.2636 0.9998
3 194 60 -0.2637 0.9998
4 189 55 -0.2555 0.9999
5 188 54 -0.2555 0.9999
6 187 54 -0.2554 0.9999
7 195 65 -0.0745 0.9997
8 185 56 -0.0391 0.9997
9 188 62 -0.2354 0.9997
10 184 59 -0.2252 0.9997
11 193 91 -0.0166 0.9998
12 154 65 0.0705 0.9998
13 210 118 -0.0317 0.9973
14 123 65 0.0557 0.9461
15 230 142 -0.1781 0.9933
16 98 59 -0.1538 0.9679
17 237 149 -0.2151 0.9747
18 90 57 -0.1916 0.9277
19 237 148 -0.2824 0.9790
20 92 57 -0.2587 0.9373
21 234 147 -0.2153 0.9802
22 94 58 -0.1924 0.9398
23 139 136 -0.0337 0.9997
24 117 117 0.0337 0.9998
25 116 181 -0.1371 0.9863
26 79 146 -0.0773 0.9949
27 93 225 0.0406 0.9866
28 41 179 0.0836 0.9973
29 83 229 0.0443 0.9394
30 38 192 0.0831 0.9708
31 99 245 -0.1791 0.9836
32 15 173 -0.1429 0.9940
