0 33 209 -0.3893 1.0000
1 23 207 -0.3489 1.0000
2 22 204 -0.3491 1.0000
3 21 200 -0.3491 1.0000
4 28 214 -0.3532 1.0000
5 29 217 -0.3533 1.0000
6 31 218 -0.3533 1.0000
7 23 191 -0.1167 1.0000
8 35 216 -0.1424 1.0000
9 39 198 -0.3059 1.0000
10 43 208 -0.3126 1.0000
11 68 147 0.0659 1.0000
12 91 226 -0.1008 1.0000
13 93 94 0.0506 0.9788
14 161 234 -0.1089 0.9834
15 83 45 -0.2782 0.9892
16 224 260 -0.2814 0.9745
17 79 30 -0.3484 0.9755
18 244 268 -0.3296 0.9509
19 75 31 -0.4219 0.9792
20 243 268 -0.4189 0.9559
21 76 36 -0.3219 0.9777
22 238 264 -0.3229 0.9512
23 210 130 0.0982 0.9997
24 222 174 -0.0983 0.9999
25 288 86 0.2439 0.9622
26 329 191 -0.2351 0.9985
27 363 58 0.5291 0.9789
28 422 205 -0.1621 0.9958
29 383 62 0.5426 0.9421
30 428 209 -0.1682 0.8673
31 367 11 0.3573 0.9657
32 465 197 -0.4438 0.9865
