0 161 220 -0.4294 0.9999
1 168 233 -0.4136 0.9999
2 166 238 -0.4137 0.9999
3 164 242 -0.4140 0.9999
4 173 216 -0.4061 0.9999
5 174 211 -0.4060 0.9998
6 175 207 -0.4061 0.9998
7 159 247 -0.2659 0.9999
8 173 201 -0.2263 1.0000
9 148 224 -0.3674 0.9999
10 153 210 -0.3561 0.9998
11 116 247 -0.1597 0.9999
12 154 178 -0.0682 0.9997
13 71 243 -0.3719 0.8442
14 128 139 0.1086 0.6923
15 102 272 -0.6714 0.6769
16 129 126 0.1879 0.6807
17 111 288 -0.7234 0.5847
18 127 120 0.2144 0.5969
19 116 288 -0.6966 0.5785
20 132 123 0.1867 0.6036
21 113 281 -0.6705 0.5995
22 130 126 0.1812 0.6211
23 40 153 -0.0654 0.9995
24 66 129 0.0659 0.9985
25 19 96 -0.1654 0.6494
26 40 84 0.0850 0.4238
27 -8 71 0.1901 0.3755
28 12 45 0.3484 0.3814
29 -14 71 0.2252 0.6029
30 5 45 0.3742 0.4238
31 -25 53 0.1680 0.3585
32 2 11 0.2885 0.3915
