0 262 205 -0.4192 0.9508
1 251 193 -0.4498 0.9272
2 252 190 -0.4498 0.9257
3 252 186 -0.4498 0.9333
4 251 197 -0.4049 0.9095
5 251 197 -0.4050 0.9001
6 251 196 -0.4056 0.9230
7 257 168 -0.4382 0.9507
8 254 183 -0.2277 0.9260
9 277 192 -0.4050 0.9419
10 275 197 -0.3451 0.9413
11 311 138 -0.3568 0.8386
12 289 201 -0.0998 0.9339
13 282 155 -0.3862 0.8513
14 243 222 -0.0018 0.5544
15 231 215 0.0490 0.2838
16 225 222 0.0813 0.0795
17 223 224 0.0615 0.1503
18 214 230 0.0495 0.0658
19 225 222 0.1149 0.1574
20 222 228 0.0607 0.0785
21 232 217 0.0738 0.1627
22 227 225 0.0681 0.0794
23 467 155 -0.0429 0.1082
24 458 210 0.0435 0.1619
25 572 166 0.0648 0.0692
26 562 214 0.1376 0.0779
27 676 169 0.3647 0.0250
28 669 218 0.3224 0.0341
29 690 168 0.3845 0.0290
30 683 219 0.3322 0.0427
31 707 177 0.1335 0.0443
32 704 214 0.0668 0.0460
