0 89 105 0.2782 1.0000
1 92 103 0.3609 1.0000
2 94 103 0.3606 1.0000
3 96 104 0.3606 1.0000
4 86 103 0.3705 1.0000
5 84 103 0.3705 1.0000
6 83 103 0.3707 1.0000
7 99 107 0.6830 1.0000
8 79 107 0.7204 1.0000
9 94 111 0.3828 1.0000
10 85 111 0.3933 1.0000
11 113 133 0.7051 0.9999
12 64 133 0.8121 1.0000
13 132 149 0.3255 0.9211
14 44 153 0.4709 0.9052
15 158 163 -0.2895 0.9084
16 26 170 -0.1630 0.8619
17 168 168 -0.3914 0.9243
18 19 175 -0.2592 0.8530
19 162 168 -0.4666 0.9232
20 24 175 -0.3310 0.8360
21 157 167 -0.3298 0.9160
22 28 174 -0.2046 0.8612
23 107 178 -0.0334 0.9995
24 69 177 0.0337 0.9995
25 136 170 -0.9726 0.9902
26 54 178 -1.0785 0.9908
27 121 216 -1.9850 0.9382
28 56 221 -2.0291 0.9535
29 113 235 -2.1246 0.9899
30 61 239 -2.1572 0.9982
31 139 209 -2.3955 0.9854
32 46 214 -2.3955 0.9946
