0 71 59 0.6256 0.9998
1 76 57 0.7111 0.9999
2 78 57 0.7112 0.9998
3 81 58 0.7110 0.9999
4 69 58 0.7166 0.9998
5 66 58 0.7165 0.9998
6 64 59 0.7163 0.9999
7 85 62 0.9779 0.9998
8 61 64 1.0056 0.9999
9 78 66 0.7021 0.9997
10 67 66 0.7088 0.9997
11 98 89 0.9120 0.9991
12 49 91 0.9476 0.9997
13 116 80 0.7750 0.6824
14 26 77 0.9368 0.7581
15 85 86 1.0867 0.0846
16 57 80 1.2068 0.1897
17 78 89 1.0915 0.0447
18 58 74 1.2173 0.1149
19 77 92 1.1588 0.0397
20 63 80 1.2495 0.1118
21 78 92 1.1099 0.0485
22 61 80 1.2192 0.1460
23 96 140 0.0116 0.9999
24 61 141 -0.0113 0.9996
25 101 152 -0.6192 0.9625
26 98 115 -0.6916 0.9666
27 126 229 -1.0923 0.9464
28 132 196 -1.1042 0.9236
29 125 239 -1.1565 0.8847
30 132 207 -1.1446 0.9252
31 131 267 -1.4987 0.9552
32 161 220 -1.4254 0.9461
