0 171 139 -1.1626 0.9970
1 177 155 -1.1884 0.9975
2 174 160 -1.1882 0.9970
3 172 165 -1.1885 0.9974
4 189 140 -1.2051 0.9966
5 194 136 -1.2053 0.9955
6 201 132 -1.2055 0.9968
7 177 172 -1.0189 0.9967
8 220 132 -1.1003 0.9966
9 157 142 -1.0670 0.9986
10 171 127 -1.0915 0.9984
11 131 181 -0.7311 0.9958
12 233 118 -0.7122 0.9972
13 41 162 -0.3580 0.5496
14 181 100 -0.1733 0.2095
15 42 161 -0.1000 0.2262
16 137 99 0.2072 0.1834
17 38 159 -0.0673 0.2125
18 130 97 0.2394 0.1930
19 51 159 -0.0793 0.2437
20 129 101 0.2355 0.2295
21 57 157 -0.0934 0.2538
22 128 106 0.2155 0.2351
23 59 110 -0.0639 0.9838
24 91 83 0.0634 0.9590
25 18 84 0.4197 0.9167
26 71 44 0.5481 0.7375
27 2 86 0.9222 0.8827
28 52 87 1.0675 0.6251
29 25 105 0.9774 0.7807
30 54 102 1.1273 0.5209
31 -19 71 0.9873 0.8919
32 18 79 1.2060 0.6935
