0 40 93 -0.0819 0.9994
1 36 92 -0.0587 0.9984
2 36 92 -0.0588 0.9980
3 37 92 -0.0588 0.9981
4 35 94 -0.1027 0.9992
5 34 95 -0.1027 0.9992
6 34 97 -0.1029 0.9994
7 37 97 0.0611 0.9954
8 33 103 -0.1367 0.9994
9 44 95 -0.0326 0.9988
10 43 97 -0.0903 0.9997
11 62 101 0.1987 0.9917
12 51 123 -0.2103 1.0000
13 90 105 0.2962 0.0523
14 81 132 -0.2642 0.9934
15 102 90 0.1638 0.0972
16 95 101 -0.2887 0.9826
17 107 87 0.1401 0.1259
18 99 95 -0.3254 0.9692
19 102 82 0.1007 0.1314
20 95 91 -0.3188 0.9668
21 102 87 0.1399 0.1349
22 94 93 -0.2812 0.9453
23 115 105 0.1169 0.9886
24 114 122 -0.1167 0.9983
25 148 93 0.0905 0.9052
26 157 117 -0.2015 0.9919
27 188 99 0.2546 0.9137
28 204 116 -0.1645 0.9933
29 195 106 0.2622 0.8593
30 209 117 -0.1692 0.9618
31 200 84 0.1539 0.9305
32 223 113 -0.3444 0.9895
