0 258 77 -0.3689 0.9999
1 264 78 -0.3259 0.9999
2 266 79 -0.3258 0.9999
3 268 81 -0.3261 1.0000
4 256 73 -0.3221 0.9999
5 253 72 -0.3222 0.9999
6 251 71 -0.3223 1.0000
7 270 89 -0.1267 1.0000
8 245 76 -0.1147 1.0000
9 259 88 -0.3012 0.9999
10 248 81 -0.2981 0.9998
11 270 124 -0.1048 0.9995
12 206 105 -0.0189 0.9985
13 332 99 -0.3219 0.9945
14 187 76 -0.2559 0.9772
15 281 101 -0.2155 0.4014
16 226 87 -0.4395 0.3232
17 272 97 -0.2290 0.1076
18 234 87 -0.4916 0.1226
19 269 101 -0.1589 0.1074
20 234 90 -0.4170 0.1115
21 271 103 -0.1910 0.1306
22 230 92 -0.4228 0.1131
23 225 201 -0.0662 0.9973
24 189 189 0.0661 0.9961
25 163 188 -0.4567 0.4906
26 154 217 -0.2563 0.2282
27 158 271 -0.3169 0.3166
28 170 287 -0.1049 0.1246
29 161 291 -0.2988 0.4999
30 178 294 -0.0885 0.1513
31 139 300 -0.3920 0.3124
32 160 314 -0.2233 0.1159
