0 200 97 -0.1381 0.9985
1 197 92 -0.1504 0.9990
2 198 90 -0.1504 0.9987
3 199 88 -0.1505 0.9993
4 196 95 -0.1286 0.9989
5 196 95 -0.1286 0.9982
6 196 95 -0.1286 0.9987
7 204 83 -0.1564 0.9993
8 200 91 -0.0575 0.9973
9 207 95 -0.1378 0.9989
10 205 99 -0.1094 0.9979
11 228 79 -0.1688 0.9984
12 222 95 0.0310 0.9936
13 242 67 -0.1481 0.8762
14 228 101 0.0374 0.0388
15 240 75 0.0161 0.3346
16 222 97 -0.0330 0.0229
17 238 77 0.0302 0.2394
18 220 97 -0.0328 0.0308
19 239 78 0.0421 0.2235
20 221 97 -0.0383 0.0313
21 239 78 0.0277 0.2438
22 222 96 -0.0387 0.0351
23 293 98 -0.0672 0.9984
24 287 105 0.0669 0.9974
25 283 116 -0.1328 0.7733
26 275 115 0.1378 0.1450
27 280 103 0.0306 0.1312
28 284 117 0.1653 0.0648
29 281 98 0.0518 0.2036
30 287 115 0.1704 0.0909
31 277 109 0.1220 0.1481
32 284 125 0.2181 0.0958
