0 409 130 0.0773 0.9998
1 419 135 0.0455 0.9999
2 420 137 0.0455 0.9998
3 421 140 0.0453 0.9999
4 418 132 0.0895 0.9997
5 419 132 0.0895 0.9997
6 419 132 0.0894 0.9998
7 421 154 0.0038 0.9999
8 419 146 0.1963 0.9998
9 401 137 0.0679 0.9998
10 400 134 0.1237 0.9991
11 383 179 -0.1246 1.0000
12 366 156 0.3422 0.9993
13 316 209 -0.2251 0.9897
14 300 162 0.3297 0.0550
15 311 147 -0.1190 0.9135
16 297 133 0.1438 0.0660
17 300 136 -0.1308 0.8646
18 290 128 0.1176 0.1014
19 310 134 -0.1067 0.8653
20 296 128 0.0950 0.1008
21 315 138 -0.1000 0.8585
22 299 130 0.1251 0.1197
23 218 169 -0.1617 0.9999
24 220 155 0.1614 0.9998
25 126 66 -0.1721 0.9868
26 131 69 0.1102 0.2986
27 79 181 -0.1283 0.9914
28 83 163 0.2083 0.4746
29 86 201 -0.1225 0.9884
30 85 188 0.2113 0.6555
31 28 198 -0.1396 0.9924
32 36 188 0.1801 0.6796
