0 70 78 -0.1429 0.9995
1 69 74 -0.1172 0.9992
2 70 73 -0.1172 0.9988
3 71 72 -0.1172 0.9994
4 65 77 -0.1184 0.9990
5 64 78 -0.1184 0.9983
6 63 80 -0.1184 0.9992
7 75 73 0.0006 0.9993
8 63 85 -0.0049 0.9993
9 76 80 -0.1024 0.9995
10 72 84 -0.1043 0.9993
11 100 82 0.0284 0.9988
12 71 111 0.0097 0.9971
13 95 49 -0.0251 0.9881
14 32 98 -0.0098 0.9872
15 74 72 0.1366 0.5999
16 59 85 0.1319 0.3665
17 72 77 0.1288 0.2413
18 64 83 0.1242 0.1558
19 72 80 0.1541 0.2422
20 66 85 0.1544 0.1533
21 73 79 0.1430 0.2807
22 65 86 0.1396 0.1800
23 151 140 0.0060 0.9959
24 134 159 -0.0061 0.9953
25 191 186 -0.0075 0.8331
26 182 194 -0.0110 0.8953
27 227 226 0.0817 0.8086
28 229 227 0.0695 0.7834
29 229 231 0.0851 0.5666
30 234 231 0.0727 0.4536
31 241 236 -0.0477 0.7596
32 242 238 -0.0589 0.7147
