0 72 93 -0.4148 0.9980
1 79 88 -0.3657 0.9976
2 83 89 -0.3661 0.9979
3 86 91 -0.3667 0.9977
4 69 86 -0.3754 0.9971
5 64 85 -0.3756 0.9970
6 60 84 -0.3759 0.9973
7 90 97 -0.0504 0.9977
8 53 87 -0.0970 0.9979
9 76 104 -0.2882 0.9981
10 64 101 -0.3025 0.9983
11 101 143 0.0731 0.9982
12 21 122 0.0865 0.9960
13 101 189 -0.0437 0.7396
14 -12 164 -0.1205 0.7398
15 95 182 -0.4556 0.6514
16 3 139 -0.6172 0.6314
17 96 187 -0.5553 0.6165
18 13 156 -0.7105 0.5910
19 93 173 -0.5697 0.6389
20 19 146 -0.7163 0.6017
21 91 172 -0.4695 0.6135
22 19 147 -0.6295 0.5687
23 56 241 -0.0288 0.8870
24 10 233 0.0296 0.8698
25 59 260 -0.6467 0.6421
26 -2 282 -0.5492 0.4933
27 39 349 -0.1080 0.2336
28 7 360 -0.0662 0.2142
29 38 360 -0.0612 0.2204
30 11 367 -0.0202 0.2198
31 24 382 -0.2969 0.1619
32 0 393 -0.3064 0.1489
