0 80 65 0.0854 0.9993
1 78 60 0.0680 0.9988
2 77 60 0.0679 0.9988
3 76 61 0.0679 0.9988
4 80 61 0.0636 0.9986
5 80 61 0.0637 0.9984
6 80 61 0.0636 0.9983
7 74 63 0.0154 0.9991
8 79 63 -0.0041 0.9986
9 79 69 0.0723 0.9994
10 80 69 0.0667 0.9995
11 56 88 -0.0076 0.9999
12 88 89 -0.0344 0.9998
13 48 120 -0.0376 0.9377
14 83 128 -0.0349 0.7470
15 40 150 -0.0337 0.8133
16 89 143 0.0101 0.4680
17 38 159 -0.0477 0.6998
18 86 154 0.0015 0.3692
19 40 159 -0.0478 0.6886
20 85 151 0.0004 0.3470
21 41 156 -0.0357 0.6041
22 88 150 0.0087 0.3077
23 61 153 0.0093 0.9992
24 76 151 -0.0094 0.9987
25 56 201 0.0441 0.9485
26 84 200 0.0369 0.9591
27 50 248 0.1361 0.9864
28 96 248 0.1340 0.9809
29 50 256 0.1413 0.9768
30 93 256 0.1405 0.9474
31 52 256 0.0718 0.9672
32 93 258 0.0689 0.9425
