0 343 99 -0.1702 0.9995
1 347 95 -0.1808 0.9994
2 348 95 -0.1808 0.9994
3 350 96 -0.1810 0.9993
4 344 95 -0.1511 0.9991
5 344 94 -0.1512 0.9991
6 344 94 -0.1513 0.9992
7 360 99 -0.1765 0.9997
8 351 97 -0.0429 0.9993
9 347 106 -0.1656 0.9999
10 344 106 -0.1270 0.9997
11 382 130 -0.1581 0.9996
12 338 133 0.0234 0.9988
13 397 171 -0.2159 0.9974
14 332 168 0.0036 0.7887
15 361 173 -0.3146 0.9940
16 324 176 -0.2140 0.9132
17 351 176 -0.3558 0.9796
18 323 178 -0.2508 0.8613
19 348 172 -0.3430 0.9799
20 323 176 -0.2681 0.8704
21 351 170 -0.3078 0.9743
22 324 175 -0.2275 0.8696
23 371 203 -0.0326 0.9978
24 343 201 0.0328 0.9975
25 361 258 -0.0901 0.3768
26 333 253 -0.0734 0.5564
27 360 302 0.2045 0.0156
28 330 295 0.2181 0.0247
29 359 309 0.2296 0.0344
30 332 300 0.2457 0.0254
31 357 319 0.1335 0.0139
32 327 313 0.1531 0.0239
