0 109 53 -0.7203 0.9996
1 118 39 -0.6824 0.9993
2 124 39 -0.6826 0.9993
3 129 38 -0.6829 0.9992
4 100 42 -0.6843 0.9996
5 95 42 -0.6844 0.9995
6 91 42 -0.6847 0.9996
7 140 42 -0.4130 0.9991
8 90 48 -0.4017 0.9997
9 124 65 -0.6109 0.9995
10 104 68 -0.6067 0.9998
11 176 84 -0.1204 0.9946
12 75 122 -0.3203 0.9994
13 229 146 -0.1261 0.8022
14 112 224 -0.4523 0.9927
15 237 103 -0.4530 0.8386
16 188 160 -0.6564 0.9865
17 253 94 -0.5196 0.7044
18 211 144 -0.7254 0.9551
19 243 86 -0.5149 0.6860
20 204 133 -0.6711 0.9501
21 245 93 -0.4623 0.7478
22 197 136 -0.6306 0.9433
23 180 233 0.0286 0.9133
24 126 248 -0.0268 0.9425
25 208 329 0.2202 0.1262
26 165 346 0.3102 0.2957
27 223 412 0.7019 0.0079
28 185 431 0.7882 0.0327
29 223 423 0.7390 0.0112
30 188 445 0.8297 0.0367
31 231 446 0.4820 0.0128
32 200 459 0.5302 0.0249
