0 76 27 -0.4374 0.9997
1 78 21 -0.3948 0.9990
2 80 21 -0.3948 0.9989
3 82 21 -0.3948 0.9989
4 73 23 -0.3915 0.9992
5 71 23 -0.3914 0.9991
6 69 24 -0.3914 0.9991
7 84 23 -0.1436 0.9981
8 67 25 -0.1233 0.9987
9 81 31 -0.3413 0.9994
10 74 33 -0.3357 0.9995
11 102 51 -0.0723 0.9996
12 56 53 -0.0579 0.9996
13 106 79 -0.2542 0.9758
14 54 87 -0.2503 0.9777
15 72 71 -0.4454 0.9589
16 86 87 -0.4327 0.9261
17 65 73 -0.5183 0.9092
18 95 87 -0.5078 0.8462
19 65 70 -0.4865 0.9004
20 96 84 -0.4826 0.8269
21 67 69 -0.4332 0.8701
22 93 83 -0.4247 0.7826
23 98 122 0.0077 0.9995
24 69 123 -0.0076 0.9993
25 105 174 -0.0641 0.9952
26 69 175 0.1324 0.9958
27 106 223 0.2254 0.9908
28 74 217 0.5650 0.9903
29 101 229 0.2361 0.9140
30 78 222 0.5925 0.8760
31 117 242 -0.0987 0.9818
32 69 238 0.3079 0.9801
