0 119 29 -0.5602 0.9997
1 124 23 -0.5252 0.9995
2 126 23 -0.5257 0.9996
3 129 23 -0.5260 0.9996
4 117 23 -0.4970 0.9990
5 116 23 -0.4968 0.9987
6 114 24 -0.4968 0.9982
7 133 25 -0.2484 0.9998
8 114 26 -0.1108 0.9980
9 125 35 -0.4511 0.9999
10 116 35 -0.4111 0.9996
11 154 63 -0.1928 1.0000
12 96 58 0.2394 0.9993
13 160 107 -0.4294 0.9985
14 71 90 0.4713 0.9500
15 122 111 -1.0210 0.9980
16 31 89 0.0569 0.9761
17 113 114 -1.1799 0.9943
18 19 88 -0.0361 0.9647
19 111 109 -1.2008 0.9943
20 17 86 -0.1766 0.9695
21 113 108 -1.0340 0.9915
22 23 87 -0.0183 0.9687
23 127 150 -0.0725 0.9965
24 94 147 0.0733 0.9898
25 128 215 -0.2456 0.9439
26 91 211 -0.0108 0.8688
27 129 275 0.1495 0.7722
28 89 266 0.3819 0.6215
29 127 278 0.1677 0.4253
30 93 269 0.4024 0.3722
31 124 304 -0.2412 0.5574
32 81 290 0.0087 0.4357
