0 284 47 -0.1879 0.9938
1 287 41 -0.2249 0.9928
2 288 41 -0.2250 0.9935
3 289 41 -0.2250 0.9940
4 287 41 -0.1735 0.9915
5 287 41 -0.1735 0.9909
6 288 41 -0.1736 0.9921
7 295 43 -0.3034 0.9933
8 294 43 -0.0727 0.9864
9 287 52 -0.2095 0.9937
10 287 52 -0.1429 0.9910
11 301 72 -0.4008 0.9996
12 299 64 0.0913 0.9986
13 278 101 -0.3995 0.8634
14 288 96 0.1421 0.0404
15 267 121 -0.2484 0.4239
16 275 116 0.0465 0.0450
17 263 127 -0.2759 0.3956
18 272 124 0.0367 0.0528
19 262 127 -0.2791 0.3878
20 270 120 0.0008 0.0541
21 264 124 -0.2450 0.3310
22 273 120 0.0262 0.0558
23 291 137 -0.1463 0.9995
24 288 132 0.1462 0.9986
25 290 188 -0.0428 0.9165
26 278 170 0.3883 0.5649
27 288 236 0.0677 0.9744
28 276 207 0.6454 0.7675
29 292 247 0.0716 0.9224
30 279 214 0.6683 0.7602
31 265 243 -0.0593 0.9744
32 250 203 0.6365 0.8903
