0 260 37 -0.2056 0.9939
1 264 32 -0.2333 0.9911
2 265 32 -0.2334 0.9926
3 266 32 -0.2334 0.9940
4 263 32 -0.1870 0.9888
5 263 32 -0.1869 0.9886
6 264 32 -0.1870 0.9886
7 273 36 -0.2842 0.9937
8 270 35 -0.0739 0.9691
9 262 41 -0.2192 0.9904
10 261 41 -0.1584 0.9785
11 282 63 -0.3745 0.9996
12 265 61 0.0870 0.9902
13 276 99 -0.4159 0.9568
14 262 96 0.1535 0.0171
15 265 128 -0.3469 0.8508
16 254 117 0.0662 0.0364
17 265 138 -0.3823 0.7772
18 255 126 0.0636 0.0474
19 261 137 -0.3807 0.7686
20 253 125 0.0155 0.0498
21 261 134 -0.3430 0.7093
22 254 122 0.0418 0.0522
23 271 132 -0.1364 0.9935
24 261 130 0.1364 0.9912
25 271 172 -0.0824 0.9428
26 250 169 0.2041 0.7525
27 272 213 0.0705 0.9484
28 254 203 0.3484 0.8497
29 278 223 0.0762 0.7799
30 244 217 0.3557 0.7923
31 250 223 -0.0658 0.9339
32 226 214 0.2770 0.8843
