0 102 32 -0.5765 0.9999
1 105 28 -0.5388 0.9997
2 107 28 -0.5389 0.9997
3 109 28 -0.5390 0.9996
4 100 27 -0.5328 0.9998
5 98 27 -0.5328 0.9998
6 96 27 -0.5328 0.9998
7 111 30 -0.2723 0.9997
8 93 29 -0.2386 0.9997
9 105 37 -0.4701 0.9998
10 99 36 -0.4614 0.9998
11 122 60 -0.1980 0.9997
12 77 58 0.0056 0.9998
13 114 96 -0.2290 0.9713
14 68 92 -0.1247 0.9576
15 81 90 -0.3641 0.8860
16 99 90 -0.4546 0.9289
17 73 89 -0.4283 0.7903
18 106 90 -0.5400 0.8512
19 73 85 -0.4238 0.7756
20 106 86 -0.5171 0.8352
21 76 85 -0.3588 0.7242
22 104 86 -0.4505 0.7902
23 107 130 -0.1044 0.9981
24 81 128 0.1042 0.9988
25 103 183 -0.1249 0.9942
26 71 181 0.0866 0.9922
27 104 232 0.2526 0.9902
28 79 231 0.4275 0.9886
29 104 238 0.2685 0.7947
30 85 240 0.4430 0.9156
31 100 250 -0.0857 0.9823
32 59 248 0.1514 0.9802
