0 200 157 0.5110 1.0000
1 201 156 0.5383 1.0000
2 203 156 0.5384 1.0000
3 204 156 0.5383 1.0000
4 198 156 0.5405 1.0000
5 196 156 0.5406 1.0000
6 195 157 0.5405 1.0000
7 208 159 0.5754 1.0000
8 195 159 0.5882 1.0000
9 204 159 0.5141 0.9999
10 199 160 0.5168 1.0000
11 222 169 0.4465 0.9998
12 188 166 0.4574 1.0000
13 232 162 0.2680 0.3648
14 170 149 0.2793 0.5211
15 224 136 0.1826 0.5815
16 177 135 0.2082 0.7535
17 224 128 0.1650 0.5670
18 176 130 0.2043 0.7687
19 221 128 0.1919 0.5451
20 180 131 0.2219 0.7191
21 221 131 0.1896 0.5040
22 182 133 0.2130 0.6776
23 225 201 -0.0154 0.9999
24 202 202 0.0155 1.0000
25 229 164 -0.1902 0.9806
26 189 173 -0.0497 0.8815
27 232 147 -0.5624 0.5814
28 184 157 -0.3042 0.1949
29 231 154 -0.6000 0.8990
30 185 164 -0.3247 0.6139
31 235 124 -0.6673 0.8292
32 185 133 -0.3670 0.3763
