0 38 63 -0.2418 0.9999
1 37 60 -0.2014 0.9999
2 37 60 -0.2018 0.9999
3 37 60 -0.2020 0.9999
4 35 60 -0.2419 0.9999
5 33 61 -0.2420 1.0000
6 32 61 -0.2423 0.9999
7 35 61 0.0306 0.9999
8 28 62 -0.1387 1.0000
9 38 66 -0.1516 0.9999
10 35 66 -0.2011 1.0000
11 38 80 0.2032 0.9999
12 17 80 -0.1732 0.9999
13 41 103 0.1545 0.9436
14 5 107 -0.3179 0.9961
15 39 101 -0.1883 0.9298
16 23 103 -0.4152 0.9954
17 41 103 -0.2747 0.9011
18 29 103 -0.4554 0.9875
19 40 101 -0.2835 0.9046
20 31 99 -0.4517 0.9873
21 39 100 -0.2064 0.9070
22 30 99 -0.4096 0.9872
23 30 124 0.1179 0.8923
24 16 126 -0.1170 0.9075
25 27 168 0.0722 0.2191
26 10 167 -0.0981 0.4775
27 21 207 0.2162 0.0181
28 3 207 -0.0416 0.0836
29 20 212 0.2167 0.0178
30 0 212 -0.0438 0.0474
31 25 219 -0.0151 0.0375
32 10 218 -0.3376 0.0731
