0 158 157 -0.5464 1.0000
1 165 148 -0.5179 0.9999
2 170 147 -0.5179 0.9998
3 174 147 -0.5178 0.9997
4 152 149 -0.5256 0.9999
5 148 149 -0.5257 0.9998
6 145 150 -0.5257 0.9998
7 177 151 -0.3474 0.9996
8 140 153 -0.3800 0.9999
9 166 168 -0.4813 0.9999
10 152 167 -0.4909 1.0000
11 189 197 -0.2158 0.9968
12 118 197 -0.2914 0.9967
13 197 243 -0.2299 0.5127
14 99 243 -0.3425 0.8752
15 196 265 -0.3962 0.2398
16 116 271 -0.5166 0.3967
17 199 274 -0.4395 0.1850
18 119 283 -0.5626 0.2628
19 193 270 -0.4453 0.2225
20 125 278 -0.5796 0.3318
21 190 267 -0.4043 0.2733
22 125 274 -0.5281 0.3782
23 177 266 0.0029 0.4057
24 136 280 -0.0016 0.3282
25 179 338 0.1106 0.0449
26 143 340 0.1433 0.0173
27 184 389 0.5260 0.0005
28 146 391 0.4796 0.0005
29 184 400 0.5561 0.0003
30 146 402 0.5060 0.0009
31 182 411 0.3909 0.0007
32 155 413 0.3156 0.0021
