0 91 39 -0.0573 0.9977
1 104 32 -0.0969 0.9969
2 104 32 -0.0970 0.9974
3 103 33 -0.0970 0.9974
4 93 34 -0.0565 0.9971
5 94 34 -0.0565 0.9976
6 95 34 -0.0566 0.9972
7 95 37 -0.2140 0.9980
8 101 35 -0.0319 0.9973
9 103 41 -0.0940 0.9989
10 94 43 -0.0411 0.9978
11 95 61 -0.3491 1.0000
12 119 61 0.0998 0.9988
13 100 103 -0.3755 0.9989
14 130 97 0.1664 0.1811
15 80 132 -0.3024 0.9954
16 128 121 0.1004 0.3255
17 79 142 -0.3468 0.9878
18 129 126 0.1002 0.3008
19 76 142 -0.3310 0.9867
20 127 125 0.0618 0.2905
21 76 139 -0.2925 0.9740
22 126 124 0.0825 0.2704
23 132 130 -0.1481 0.9999
24 135 127 0.1480 0.9989
25 125 188 -0.0513 0.9977
26 99 166 0.2707 0.7777
27 128 245 0.0994 0.9963
28 92 214 0.4808 0.8312
29 135 255 0.1086 0.9650
30 95 223 0.4983 0.7553
31 101 258 0.0031 0.9858
32 68 219 0.4563 0.8724
