0 334 87 -0.1377 0.9949
1 336 83 -0.1272 0.9919
2 338 82 -0.1273 0.9893
3 339 82 -0.1274 0.9912
4 332 85 -0.1253 0.9919
5 331 85 -0.1253 0.9900
6 331 86 -0.1254 0.9917
7 344 86 -0.0384 0.9860
8 331 85 -0.0332 0.9845
9 335 91 -0.1014 0.9888
10 333 91 -0.1001 0.9879
11 347 104 -0.0005 0.9963
12 330 105 0.0372 0.9943
13 351 130 0.0263 0.3556
14 327 121 0.0009 0.2136
15 349 141 -0.0026 0.2333
16 337 129 -0.1142 0.1101
17 350 146 -0.0190 0.2452
18 339 134 -0.1354 0.1184
19 350 142 -0.0341 0.2551
20 340 131 -0.1503 0.1188
21 350 141 -0.0095 0.2354
22 339 129 -0.1232 0.1121
23 347 158 -0.0255 0.9944
24 332 157 0.0257 0.9926
25 340 201 -0.0427 0.8317
26 327 200 0.0059 0.7870
27 333 243 0.0174 0.8813
28 316 245 0.0669 0.8929
29 323 254 0.0171 0.7411
30 317 252 0.0674 0.7536
31 328 260 -0.0795 0.8604
32 316 258 -0.0270 0.8657
