0 112 48 -0.2970 0.9998
1 114 46 -0.2853 0.9996
2 115 47 -0.2853 0.9995
3 116 47 -0.2854 0.9995
4 111 46 -0.2837 0.9997
5 110 47 -0.2837 0.9996
6 109 47 -0.2838 0.9997
7 117 50 -0.1950 0.9989
8 108 50 -0.1873 0.9991
9 114 52 -0.2620 0.9992
10 110 52 -0.2601 0.9991
11 130 71 -0.1293 0.9954
12 99 71 -0.1124 0.9990
13 132 96 -0.1175 0.6417
14 97 97 -0.1180 0.6557
15 124 100 -0.1779 0.1712
16 105 100 -0.2180 0.4246
17 121 102 -0.1968 0.1294
18 107 101 -0.2435 0.3696
19 118 103 -0.2087 0.1304
20 106 98 -0.2572 0.3677
21 119 101 -0.1831 0.1187
22 106 97 -0.2259 0.3200
23 123 114 -0.0108 0.9987
24 105 116 0.0107 0.9994
25 127 152 -0.0072 0.9857
26 102 149 0.0419 0.9933
27 136 186 0.0885 0.9936
28 97 185 0.1724 0.9972
29 133 192 0.0911 0.9456
30 101 190 0.1788 0.9493
31 147 196 -0.0182 0.9897
32 86 196 0.0764 0.9932
