0 367 94 -0.1084 0.9993
1 370 91 -0.1201 0.9990
2 370 91 -0.1202 0.9991
3 371 91 -0.1202 0.9993
4 369 91 -0.0977 0.9988
5 369 91 -0.0977 0.9987
6 368 91 -0.0978 0.9987
7 376 94 -0.1357 0.9992
8 373 93 -0.0339 0.9967
9 369 97 -0.1113 0.9991
10 367 97 -0.0819 0.9981
11 383 115 -0.1861 0.9999
12 367 114 0.0557 0.9986
13 380 142 -0.2109 0.9819
14 359 139 0.0902 0.1202
15 373 165 -0.1941 0.9525
16 356 158 0.0436 0.2273
17 372 172 -0.2142 0.9203
18 353 165 0.0420 0.2219
19 369 171 -0.2174 0.9193
20 354 165 0.0172 0.2347
21 368 169 -0.1932 0.8837
22 355 163 0.0311 0.2368
23 375 162 -0.0747 0.9981
24 367 161 0.0747 0.9979
25 374 195 -0.0639 0.9737
26 355 192 0.0944 0.8211
27 377 227 0.0056 0.9761
28 346 222 0.1569 0.9177
29 381 234 0.0079 0.8824
30 348 229 0.1594 0.8495
31 362 236 -0.0670 0.9650
32 330 226 0.1117 0.9189
