0 133 154 0.0618 0.9994
1 135 151 0.0752 0.9991
2 136 151 0.0752 0.9990
3 137 151 0.0752 0.9990
4 132 152 0.0757 0.9990
5 131 152 0.0757 0.9990
6 130 152 0.0756 0.9992
7 138 150 0.1431 0.9981
8 129 151 0.1450 0.9990
9 135 155 0.0874 0.9991
10 131 156 0.0876 0.9992
11 145 156 0.1398 0.9998
12 122 159 0.1566 0.9999
13 151 171 0.0355 0.2761
14 121 175 0.0764 0.4030
15 148 170 -0.0993 0.2941
16 124 181 -0.0399 0.4618
17 148 170 -0.1268 0.3343
18 124 183 -0.0581 0.4854
19 147 168 -0.1195 0.3338
20 125 181 -0.0621 0.5031
21 146 168 -0.1001 0.3094
22 126 181 -0.0432 0.4732
23 143 184 -0.0151 0.9998
24 130 185 0.0152 0.9997
25 140 186 -0.1872 0.9445
26 128 187 -0.1500 0.9133
27 131 215 -0.2189 0.9084
28 124 213 -0.1756 0.8611
29 130 219 -0.2261 0.8970
30 124 217 -0.1811 0.8815
31 129 224 -0.2949 0.9155
32 120 222 -0.2490 0.9067
