0 200 51 -0.9471 0.9998
1 205 43 -0.8837 0.9995
2 208 43 -0.8839 0.9995
3 210 44 -0.8842 0.9992
4 195 43 -0.9084 0.9997
5 191 43 -0.9083 0.9997
6 187 43 -0.9086 0.9997
7 212 48 -0.4741 0.9990
8 182 47 -0.5833 0.9999
9 204 60 -0.7835 0.9999
10 191 59 -0.8149 0.9999
11 225 99 -0.0471 0.9991
12 153 100 -0.3811 0.9999
13 237 164 0.3365 0.5362
14 124 168 -0.2953 0.9778
15 247 221 0.1169 0.2327
16 138 212 -0.5397 0.8599
17 253 238 0.0527 0.1848
18 149 231 -0.6288 0.7317
19 252 241 -0.0338 0.2111
20 156 224 -0.7046 0.7513
21 247 235 0.0715 0.2303
22 153 214 -0.5692 0.7229
23 216 224 0.0835 0.9868
24 172 227 -0.0824 0.9901
25 218 310 0.1069 0.6377
26 179 307 -0.0246 0.6338
27 214 377 1.0410 0.1543
28 173 385 0.7465 0.1995
29 211 385 1.1122 0.1276
30 171 396 0.8084 0.1865
31 214 410 0.7435 0.0575
32 176 414 0.3454 0.1073
