0 314 62 -0.2101 0.9989
1 318 58 -0.1981 0.9981
2 318 58 -0.1982 0.9980
3 320 57 -0.1984 0.9982
4 314 58 -0.1933 0.9976
5 311 59 -0.1932 0.9968
6 311 59 -0.1933 0.9968
7 312 62 -0.0947 0.9985
8 307 63 -0.0722 0.9951
9 307 70 -0.1673 0.9989
10 301 71 -0.1611 0.9978
11 328 82 -0.0552 0.9999
12 296 85 0.0519 0.9974
13 350 103 -0.0265 0.9713
14 290 117 0.0822 0.2852
15 337 121 -0.0586 0.8501
16 297 139 -0.0114 0.2237
17 335 125 -0.0836 0.7482
18 297 146 -0.0332 0.2176
19 333 121 -0.0905 0.7527
20 300 145 -0.0618 0.2199
21 333 119 -0.0605 0.7177
22 300 143 -0.0249 0.2172
23 319 142 -0.0652 0.9992
24 302 144 0.0654 0.9978
25 318 185 -0.0674 0.8506
26 298 189 0.0429 0.5117
27 332 235 0.0211 0.8959
28 305 234 0.1614 0.7572
29 336 240 0.0244 0.6906
30 310 240 0.1683 0.6475
31 324 250 -0.0861 0.8533
32 294 247 0.0737 0.7332
