0 248 91 -0.0895 0.9996
1 251 89 -0.0775 0.9994
2 252 90 -0.0776 0.9993
3 252 90 -0.0777 0.9996
4 249 89 -0.0672 0.9992
5 249 90 -0.0672 0.9988
6 248 90 -0.0674 0.9992
7 254 92 -0.0056 0.9989
8 248 91 0.0389 0.9964
9 250 95 -0.0621 0.9995
10 247 95 -0.0495 0.9992
11 261 109 -0.0010 0.9996
12 240 108 0.1013 0.9993
13 267 131 -0.0651 0.9179
14 245 132 0.0984 0.6077
15 267 151 -0.2084 0.8494
16 261 148 0.0266 0.6669
17 270 153 -0.2456 0.7844
18 267 151 0.0130 0.6049
19 267 152 -0.2613 0.7826
20 266 150 -0.0059 0.5986
21 267 151 -0.2166 0.7413
22 264 151 0.0199 0.5339
23 258 157 -0.0342 0.9992
24 246 157 0.0344 0.9984
25 253 181 -0.3210 0.8317
26 253 192 -0.0693 0.7387
27 246 212 -0.3880 0.6996
28 260 228 -0.1167 0.5727
29 245 217 -0.4008 0.8093
30 263 233 -0.1294 0.5979
31 242 219 -0.5264 0.8335
32 258 237 -0.2498 0.6701
