0 64 14 0.4968 0.9962
1 63 11 0.4180 0.9965
2 62 11 0.4180 0.9967
3 61 11 0.4179 0.9968
4 66 11 0.4291 0.9956
5 67 11 0.4290 0.9952
6 68 11 0.4287 0.9947
7 60 13 0.1311 0.9978
8 70 13 0.1753 0.9959
9 63 16 0.4072 0.9970
10 66 17 0.4205 0.9964
11 49 33 -0.0646 0.9995
12 82 33 0.0845 0.9982
13 47 61 -0.1521 0.9856
14 89 59 0.1610 0.8427
15 45 84 -0.0878 0.8147
16 82 75 0.3673 0.2189
17 44 90 -0.0988 0.6569
18 81 79 0.4117 0.1621
19 45 90 -0.0844 0.6341
20 78 78 0.3866 0.1550
21 46 87 -0.0799 0.5873
22 78 77 0.3639 0.1581
23 58 81 -0.0287 0.9907
24 75 82 0.0289 0.9884
25 57 119 0.0841 0.6110
26 77 119 0.1184 0.5753
27 58 150 0.2105 0.2350
28 77 159 0.1909 0.2236
29 59 156 0.2202 0.3820
30 76 166 0.1986 0.4572
31 55 154 0.1706 0.0696
32 79 163 0.1117 0.0557
