0 155 62 -0.0369 0.9991
1 154 58 -0.0282 0.9991
2 154 57 -0.0281 0.9988
3 153 57 -0.0282 0.9990
4 154 58 -0.0635 0.9995
5 154 58 -0.0635 0.9995
6 154 59 -0.0635 0.9996
7 147 59 0.0384 0.9993
8 151 62 -0.1212 0.9992
9 153 65 -0.0049 0.9978
10 154 66 -0.0517 0.9971
11 134 83 0.1693 0.9867
12 154 85 -0.2166 0.9977
13 124 72 0.4573 0.4707
14 179 89 -0.4401 0.9066
15 120 65 0.7762 0.4374
16 162 64 -0.6365 0.9535
17 116 63 0.8346 0.4619
18 158 59 -0.6833 0.9587
19 117 62 0.8216 0.4690
20 155 60 -0.6853 0.9612
21 119 64 0.7788 0.4584
22 155 62 -0.6406 0.9407
23 144 145 0.1279 0.9986
24 160 145 -0.1284 0.9987
25 143 190 0.1443 0.8971
26 163 195 -0.0998 0.9339
27 137 236 0.2102 0.8735
28 160 245 -0.0659 0.9743
29 132 244 0.2136 0.9512
30 153 255 -0.0624 0.9839
31 144 241 0.1682 0.6635
32 168 252 -0.1358 0.8863
