0 207 42 -0.1907 0.9998
1 211 35 -0.1588 0.9998
2 215 37 -0.1589 0.9997
3 217 38 -0.1591 0.9997
4 203 35 -0.1743 0.9998
5 200 35 -0.1742 0.9997
6 197 35 -0.1744 0.9998
7 217 42 0.0047 0.9996
8 192 38 -0.0681 0.9999
9 210 51 -0.1268 0.9998
10 201 50 -0.1476 0.9999
11 240 91 0.0976 0.9997
12 167 79 -0.0578 0.9997
13 258 144 0.1335 0.7106
14 166 139 -0.0971 0.9591
15 253 157 -0.0198 0.5481
16 213 139 -0.1363 0.8331
17 258 162 -0.0674 0.4842
18 230 144 -0.1686 0.7401
19 249 156 -0.0791 0.5001
20 231 133 -0.1694 0.7377
21 246 154 -0.0291 0.5177
22 227 131 -0.1331 0.7044
23 228 182 0.0336 0.9927
24 190 184 -0.0330 0.9877
25 251 241 -0.2349 0.2545
26 204 246 -0.0643 0.2626
27 236 313 -0.2205 0.0928
28 220 314 0.0595 0.0779
29 230 323 -0.2253 0.2359
30 223 324 0.0672 0.1262
31 247 340 -0.3853 0.0875
32 219 342 -0.0751 0.0685
