0 67 17 -0.6826 1.0000
1 70 14 -0.6488 1.0000
2 71 14 -0.6490 1.0000
3 72 14 -0.6491 1.0000
4 66 14 -0.6428 1.0000
5 65 15 -0.6429 1.0000
6 64 15 -0.6429 1.0000
7 74 16 -0.4102 1.0000
8 63 16 -0.3878 1.0000
9 70 20 -0.5898 1.0000
10 65 21 -0.5838 1.0000
11 82 33 -0.2548 1.0000
12 54 33 -0.1333 1.0000
13 95 52 -0.1593 0.9992
14 36 48 -0.0390 0.9965
15 84 65 -0.3463 0.9919
16 48 62 -0.2717 0.9727
17 80 67 -0.4219 0.9712
18 52 65 -0.3229 0.9255
19 79 64 -0.4408 0.9715
20 54 62 -0.3599 0.9254
21 80 63 -0.3521 0.9641
22 53 61 -0.2852 0.9103
23 75 74 -0.0673 0.9994
24 61 74 0.0673 0.9987
25 71 107 -0.1509 0.8604
26 60 106 0.0755 0.6979
27 71 133 0.3198 0.7313
28 60 131 0.4866 0.6691
29 70 134 0.3526 0.4584
30 62 135 0.5181 0.5150
31 69 144 0.1143 0.6339
32 57 141 0.2631 0.6467
