0 149 72 -0.4516 0.9996
1 152 68 -0.4299 0.9989
2 153 68 -0.4300 0.9984
3 154 68 -0.4301 0.9978
4 147 68 -0.4366 0.9992
5 146 68 -0.4367 0.9991
6 145 68 -0.4368 0.9991
7 156 70 -0.2728 0.9953
8 143 69 -0.3025 0.9993
9 151 75 -0.3881 0.9993
10 146 75 -0.3967 0.9995
11 163 88 -0.1036 0.9992
12 136 86 -0.2415 0.9998
13 166 110 -0.0298 0.3559
14 131 110 -0.2206 0.9235
15 164 126 -0.1348 0.1526
16 133 129 -0.2978 0.6741
17 164 132 -0.1623 0.1385
18 133 136 -0.3321 0.5578
19 163 131 -0.1924 0.1500
20 135 135 -0.3624 0.5662
21 162 128 -0.1504 0.1561
22 136 132 -0.3106 0.5481
23 153 130 0.0393 0.9985
24 139 128 -0.0393 0.9982
25 150 161 0.0450 0.6118
26 139 161 0.0024 0.6564
27 144 190 0.2149 0.7356
28 135 188 0.2149 0.7723
29 141 195 0.2236 0.7265
30 134 192 0.2291 0.5837
31 149 200 0.1002 0.7272
32 136 200 0.0928 0.7797
