0 138 37 -0.4755 1.0000
1 141 32 -0.4566 1.0000
2 143 31 -0.4568 1.0000
3 145 31 -0.4569 1.0000
4 136 32 -0.4276 0.9999
5 135 32 -0.4276 0.9999
6 134 32 -0.4276 0.9999
7 149 33 -0.2996 1.0000
8 134 33 -0.1715 0.9997
9 142 42 -0.4155 1.0000
10 136 42 -0.3790 0.9999
11 160 61 -0.3384 1.0000
12 133 59 0.1450 0.9980
13 170 100 -0.3753 0.9988
14 110 67 0.2238 0.8037
15 157 130 -0.4518 0.9960
16 89 50 0.0006 0.9190
17 155 139 -0.5006 0.9881
18 83 43 -0.0256 0.8726
19 150 137 -0.5456 0.9886
20 85 41 -0.0651 0.8798
21 150 134 -0.4647 0.9811
22 87 44 -0.0276 0.8703
23 150 134 -0.1604 0.9995
24 132 133 0.1603 0.9987
25 152 181 -0.3132 0.9878
26 130 182 0.1713 0.9098
27 155 236 -0.2466 0.9927
28 129 231 0.3412 0.9474
29 159 246 -0.2559 0.9530
30 134 239 0.3413 0.9017
31 138 251 -0.5090 0.9911
32 107 246 0.1610 0.9578
