0 93 35 -0.5414 0.9999
1 96 30 -0.5048 0.9999
2 98 30 -0.5050 0.9999
3 99 30 -0.5051 0.9998
4 90 31 -0.4901 0.9999
5 89 31 -0.4901 0.9999
6 87 31 -0.4901 0.9999
7 102 32 -0.2245 0.9999
8 86 33 -0.1491 0.9999
9 97 39 -0.4287 0.9999
10 90 39 -0.4079 0.9999
11 117 61 -0.1332 0.9999
12 73 62 0.0936 0.9999
13 108 96 -0.2009 0.9538
14 66 95 -0.0779 0.9824
15 78 87 -0.3748 0.8634
16 97 91 -0.4811 0.9669
17 72 88 -0.4569 0.7734
18 104 89 -0.5851 0.9191
19 71 85 -0.4716 0.7592
20 106 84 -0.5699 0.9080
21 74 84 -0.3798 0.7098
22 104 84 -0.4829 0.8727
23 100 134 -0.1037 0.9994
24 76 132 0.1040 0.9995
25 97 186 -0.0865 0.9956
26 71 185 0.1829 0.9951
27 91 236 0.3568 0.9941
28 76 236 0.5757 0.9926
29 91 243 0.3774 0.8767
30 80 243 0.5938 0.9262
31 91 251 -0.0086 0.9905
32 57 250 0.2515 0.9890
