0 190 35 -0.0784 0.9992
1 192 30 -0.0737 0.9989
2 192 28 -0.0738 0.9989
3 194 28 -0.0739 0.9991
4 187 28 -0.0761 0.9987
5 186 28 -0.0760 0.9985
6 184 27 -0.0761 0.9988
7 195 27 -0.0143 0.9989
8 182 27 -0.0245 0.9990
9 191 35 -0.0513 0.9991
10 186 35 -0.0543 0.9989
11 198 43 0.0328 0.9997
12 173 42 -0.0049 0.9997
13 193 78 0.0374 0.3030
14 168 75 -0.0130 0.5626
15 190 96 -0.0191 0.3521
16 171 87 -0.0520 0.3411
17 191 103 -0.0343 0.3979
18 172 92 -0.0704 0.3371
19 190 99 -0.0475 0.4109
20 171 89 -0.0810 0.3450
21 185 94 -0.0264 0.3895
22 171 89 -0.0576 0.3239
23 186 104 0.0144 0.9984
24 170 101 -0.0141 0.9982
25 177 124 -0.1343 0.7977
26 163 114 -0.1954 0.9539
27 167 171 -0.1231 0.6703
28 161 167 -0.1662 0.7127
29 164 177 -0.1245 0.6723
30 160 174 -0.1636 0.6441
31 173 186 -0.1941 0.6656
32 165 187 -0.2271 0.6623
