0 181 107 -0.2455 0.9998
1 182 104 -0.2354 0.9994
2 183 104 -0.2353 0.9993
3 184 104 -0.2353 0.9993
4 179 104 -0.2364 0.9996
5 178 104 -0.2364 0.9996
6 177 104 -0.2364 0.9997
7 185 105 -0.1490 0.9982
8 176 105 -0.1543 0.9992
9 182 110 -0.2114 0.9995
10 179 110 -0.2130 0.9997
11 194 120 -0.0805 0.9993
12 166 120 -0.0875 0.9999
13 199 137 -0.0266 0.9301
14 160 137 -0.0382 0.9851
15 191 148 -0.0826 0.7382
16 167 146 -0.0696 0.8846
17 189 152 -0.1035 0.5898
18 169 150 -0.0870 0.7670
19 187 150 -0.1243 0.5985
20 170 149 -0.1028 0.7706
21 188 149 -0.0921 0.5536
22 170 148 -0.0762 0.7536
23 188 161 0.0011 0.9978
24 172 160 -0.0010 0.9995
25 192 188 0.0411 0.9889
26 168 190 -0.0211 0.9965
27 197 215 0.1549 0.9902
28 164 217 0.0674 0.9950
29 195 219 0.1607 0.9171
30 165 221 0.0706 0.9197
31 202 223 0.0628 0.9831
32 159 224 -0.0349 0.9879
