0 49 17 -0.3319 0.9969
1 47 13 -0.2749 0.9963
2 47 13 -0.2753 0.9962
3 47 13 -0.2754 0.9967
4 46 13 -0.4228 0.9976
5 45 13 -0.4232 0.9977
6 44 13 -0.4238 0.9981
7 42 14 0.0194 0.9960
8 39 15 -0.6366 0.9989
9 48 20 -0.2071 0.9979
10 47 20 -0.3967 0.9988
11 35 39 0.5119 0.9916
12 34 39 -1.0023 0.9996
13 34 74 0.5221 0.0330
14 35 74 -1.0932 0.9089
15 38 92 0.1329 0.0384
16 43 98 -0.8644 0.6393
17 39 99 0.0744 0.0523
18 43 105 -0.9797 0.5887
19 40 98 -0.0180 0.0575
20 47 104 -0.9679 0.5983
21 39 95 0.0675 0.0567
22 46 102 -0.8548 0.5503
23 33 96 0.4621 0.6486
24 29 97 -0.4609 0.7180
25 36 130 0.6591 0.0729
26 35 130 -0.3440 0.4940
27 37 164 1.1528 0.0370
28 29 167 0.0525 0.1681
29 35 170 1.1765 0.0692
30 23 172 0.0759 0.2531
31 47 173 0.9655 0.0644
32 44 179 -0.2261 0.1909
