0 76 11 -0.2267 0.9992
1 78 8 -0.2754 0.9990
2 78 8 -0.2755 0.9991
3 78 8 -0.2757 0.9993
4 78 8 -0.1997 0.9989
5 78 8 -0.1997 0.9989
6 79 8 -0.2000 0.9992
7 82 10 -0.3972 0.9995
8 82 10 -0.0676 0.9993
9 77 13 -0.2638 0.9995
10 77 13 -0.1678 0.9993
11 86 29 -0.5843 0.9999
12 87 30 0.1965 0.9994
13 81 58 -0.5961 0.9934
14 83 57 0.2645 0.1641
15 70 84 -0.4936 0.9881
16 74 81 0.1724 0.2233
17 69 90 -0.5699 0.9769
18 71 87 0.1803 0.2034
19 67 90 -0.5608 0.9752
20 71 87 0.1063 0.2031
21 68 88 -0.4856 0.9628
22 72 85 0.1382 0.2049
23 84 78 -0.2243 0.9943
24 85 78 0.2241 0.9909
25 83 117 -0.1259 0.6045
26 84 114 0.3262 0.0767
27 86 152 0.0923 0.4444
28 88 146 0.5528 0.0591
29 90 157 0.1042 0.6360
30 91 152 0.5673 0.1852
31 74 159 -0.0507 0.4518
32 78 152 0.4415 0.1351
