0 312 46 -0.1263 0.9953
1 314 41 -0.1567 0.9945
2 314 41 -0.1568 0.9948
3 315 41 -0.1568 0.9955
4 313 41 -0.1139 0.9933
5 314 41 -0.1139 0.9926
6 314 41 -0.1140 0.9940
7 321 43 -0.2238 0.9948
8 320 43 -0.0322 0.9910
9 314 50 -0.1450 0.9961
10 314 50 -0.0896 0.9944
11 328 71 -0.3115 0.9998
12 325 64 0.0997 0.9988
13 304 101 -0.3223 0.9054
14 311 96 0.1403 0.0426
15 293 121 -0.2229 0.5278
16 299 117 0.0569 0.0515
17 290 131 -0.2509 0.4869
18 296 128 0.0479 0.0576
19 289 129 -0.2523 0.4776
20 297 125 0.0165 0.0590
21 289 127 -0.2200 0.4102
22 297 125 0.0395 0.0616
23 320 138 -0.1203 0.9997
24 316 134 0.1202 0.9988
25 316 188 -0.0219 0.8943
26 313 180 0.3273 0.4142
27 316 235 0.0793 0.9660
28 313 210 0.5492 0.6482
29 320 246 0.0836 0.9261
30 316 218 0.5693 0.6939
31 292 241 -0.0191 0.9642
32 295 218 0.5448 0.8287
