0 270 57 -0.1535 0.9995
1 273 53 -0.1624 0.9992
2 274 53 -0.1624 0.9992
3 275 54 -0.1625 0.9993
4 271 53 -0.1379 0.9991
5 271 53 -0.1379 0.9990
6 271 53 -0.1380 0.9990
7 282 56 -0.1465 0.9993
8 276 55 -0.0398 0.9978
9 272 61 -0.1436 0.9994
10 270 61 -0.1132 0.9986
11 290 76 -0.1532 0.9995
12 269 70 0.0663 0.9986
13 298 103 -0.1281 0.9407
14 266 96 0.0544 0.1215
15 275 100 -0.0927 0.7453
16 264 101 -0.1085 0.1410
17 269 97 -0.1093 0.6765
18 263 103 -0.1308 0.1674
19 269 94 -0.1112 0.6837
20 263 100 -0.1487 0.1720
21 271 94 -0.0903 0.6118
22 264 99 -0.1215 0.1680
23 284 122 -0.0764 0.9984
24 274 120 0.0765 0.9967
25 283 159 -0.0927 0.8585
26 272 153 0.1349 0.4304
27 288 194 -0.0496 0.9263
28 277 183 0.2650 0.6474
29 293 201 -0.0502 0.8793
30 280 188 0.2735 0.6911
31 274 204 -0.1511 0.9242
32 265 192 0.2111 0.7636
