0 101 63 -0.2565 0.9993
1 110 55 -0.2488 0.9995
2 112 55 -0.2492 0.9993
3 130 50 -0.2498 0.9996
4 104 56 -0.2415 0.9994
5 100 57 -0.2414 0.9990
6 100 56 -0.2414 0.9991
7 128 52 -0.1115 0.9995
8 106 56 -0.0916 0.9986
9 107 69 -0.1974 0.9991
10 98 69 -0.1922 0.9983
11 127 89 -0.1084 0.9988
12 110 85 0.0405 0.9886
13 123 131 0.0048 0.8447
14 122 122 -0.0337 0.1390
15 119 127 0.2808 0.2785
16 140 116 -0.1360 0.0267
17 117 128 0.3121 0.2074
18 144 116 -0.1585 0.0290
19 120 123 0.3009 0.2145
20 144 112 -0.1331 0.0273
21 121 124 0.2902 0.2419
22 144 113 -0.1303 0.0297
23 119 184 -0.0521 0.9971
24 97 180 0.0521 0.9917
25 117 261 -0.1362 0.3624
26 48 253 0.0168 0.3406
27 131 308 0.1376 0.1174
28 68 301 0.2874 0.1347
29 132 315 0.1673 0.1929
30 72 307 0.3147 0.0985
31 135 327 0.0838 0.0999
32 63 325 0.2250 0.0863
