0 73 23 -0.2132 0.9974
1 71 19 -0.1853 0.9955
2 71 19 -0.1856 0.9947
3 71 19 -0.1857 0.9950
4 70 19 -0.2734 0.9976
5 69 19 -0.2735 0.9978
6 67 19 -0.2740 0.9982
7 66 20 0.0007 0.9937
8 61 20 -0.3928 0.9991
9 72 27 -0.1314 0.9981
10 70 27 -0.2451 0.9994
11 66 42 0.2494 0.9915
12 49 43 -0.5279 0.9998
13 65 73 0.4300 0.1503
14 45 76 -0.5938 0.9959
15 73 95 0.3358 0.1281
16 61 102 -0.5674 0.9723
17 73 102 0.3049 0.1212
18 64 109 -0.6266 0.9387
19 75 101 0.2418 0.1305
20 68 107 -0.6467 0.9405
21 74 100 0.2992 0.1515
22 67 105 -0.5686 0.9306
23 72 104 0.1800 0.9409
24 61 104 -0.1790 0.9738
25 80 135 0.1841 0.3736
26 66 149 -0.0968 0.5079
27 83 183 0.4636 0.0768
28 66 188 0.1391 0.1831
29 81 189 0.4753 0.1163
30 63 195 0.1518 0.2304
31 92 194 0.2776 0.0909
32 79 199 -0.1159 0.1532
