0 160 61 -0.3813 0.9989
1 163 57 -0.3591 0.9981
2 165 57 -0.3592 0.9974
3 166 57 -0.3593 0.9972
4 157 61 -0.3666 0.9981
5 155 60 -0.3666 0.9979
6 154 56 -0.3667 0.9981
7 167 59 -0.2092 0.9955
8 153 58 -0.2442 0.9983
9 162 65 -0.3217 0.9988
10 156 65 -0.3319 0.9990
11 171 82 -0.0701 0.9980
12 143 81 -0.1782 0.9997
13 180 108 -0.0206 0.2631
14 137 111 -0.1652 0.7539
15 185 125 -0.1332 0.0743
16 144 129 -0.2728 0.3461
17 187 131 -0.1595 0.0755
18 144 136 -0.3087 0.2897
19 187 129 -0.1927 0.0811
20 140 137 -0.3396 0.3003
21 185 127 -0.1505 0.0860
22 146 132 -0.2876 0.2939
23 169 132 0.0285 0.9957
24 154 132 -0.0284 0.9951
25 172 166 0.0030 0.5027
26 158 168 -0.0494 0.7055
27 172 202 0.1274 0.6546
28 162 202 0.1021 0.7353
29 170 208 0.1303 0.6157
30 162 208 0.1088 0.5710
31 180 210 -0.0027 0.6517
32 166 213 -0.0331 0.7369
