0 102 82 -0.4367 0.9994
1 104 72 -0.3851 0.9992
2 106 71 -0.3854 0.9990
3 109 71 -0.3855 0.9991
4 92 74 -0.4120 0.9992
5 86 75 -0.4120 0.9991
6 81 76 -0.4121 0.9991
7 110 75 -0.1471 0.9987
8 74 83 -0.2574 0.9995
9 108 92 -0.3481 0.9983
10 94 94 -0.3793 0.9987
11 117 124 0.0711 0.9818
12 65 141 -0.3803 0.9979
13 168 150 -0.1045 0.3396
14 106 172 -0.5847 0.9936
15 209 105 -0.4605 0.5093
16 176 119 -0.5828 0.9823
17 225 92 -0.5295 0.4759
18 192 114 -0.6376 0.9480
19 221 87 -0.5217 0.4745
20 191 91 -0.6031 0.9429
21 212 95 -0.4771 0.5182
22 184 94 -0.5692 0.9306
23 122 250 0.1333 0.9083
24 85 256 -0.1324 0.9457
25 155 264 0.1380 0.2158
26 125 303 -0.1296 0.7368
27 154 337 0.3465 0.0905
28 126 371 0.0520 0.2220
29 146 353 0.3613 0.1705
30 115 382 0.0655 0.2822
31 185 357 0.3050 0.0876
32 166 395 -0.0559 0.1784
