0 87 29 -0.7706 1.0000
1 90 25 -0.7238 1.0000
2 92 25 -0.7240 1.0000
3 94 25 -0.7239 1.0000
4 85 25 -0.7246 1.0000
5 83 25 -0.7247 1.0000
6 81 25 -0.7247 1.0000
7 96 27 -0.4238 0.9999
8 79 27 -0.4221 0.9999
9 91 35 -0.6559 1.0000
10 84 35 -0.6561 1.0000
11 111 59 -0.2259 1.0000
12 64 60 -0.1972 0.9999
13 117 95 -0.0778 0.9864
14 59 97 -0.0759 0.9677
15 112 129 -0.3264 0.9628
16 63 129 -0.3508 0.9376
17 109 139 -0.4111 0.9332
18 64 140 -0.4357 0.8944
19 105 137 -0.4966 0.9350
20 68 139 -0.5283 0.8985
21 105 134 -0.3630 0.9226
22 69 135 -0.3908 0.8854
23 101 130 -0.0316 0.9997
24 74 131 0.0315 0.9997
25 101 183 -0.0697 0.9948
26 74 183 0.0241 0.9908
27 102 232 0.3600 0.9927
28 76 232 0.4346 0.9896
29 99 239 0.3763 0.8227
30 78 238 0.4535 0.8730
31 107 250 -0.0023 0.9858
32 67 249 0.0975 0.9848
