0 61 15 -0.7065 0.9999
1 63 12 -0.6533 0.9999
2 65 13 -0.6534 0.9998
3 66 13 -0.6536 0.9998
4 59 12 -0.6661 0.9999
5 58 12 -0.6662 0.9999
6 56 12 -0.6664 0.9999
7 67 15 -0.3428 0.9996
8 53 14 -0.4111 1.0000
9 63 20 -0.5901 1.0000
10 57 19 -0.6095 1.0000
11 76 36 -0.0737 0.9991
12 42 39 -0.2500 0.9999
13 79 60 0.2744 0.7650
14 35 65 -0.0945 0.9885
15 82 80 0.2151 0.5411
16 43 83 -0.1765 0.8840
17 85 88 0.1848 0.4696
18 45 90 -0.2214 0.7863
19 82 86 0.1131 0.4827
20 47 88 -0.2731 0.7934
21 81 83 0.1863 0.4839
22 47 85 -0.1922 0.7825
23 72 88 0.0487 0.9979
24 53 89 -0.0485 0.9985
25 68 122 -0.0128 0.8823
26 56 127 -0.1366 0.8827
27 65 134 0.9229 0.4371
28 55 150 0.6785 0.3623
29 63 136 1.0066 0.3246
30 55 152 0.7535 0.1875
31 68 158 0.7901 0.3214
32 58 164 0.4568 0.2571
