0 292 129 -0.0937 1.0000
1 294 128 -0.0811 1.0000
2 295 129 -0.0812 1.0000
3 295 130 -0.0812 1.0000
4 291 126 -0.0787 1.0000
5 290 125 -0.0787 1.0000
6 289 124 -0.0787 1.0000
7 295 131 -0.0048 1.0000
8 287 124 0.0059 1.0000
9 291 133 -0.0641 1.0000
10 287 130 -0.0613 1.0000
11 287 143 0.0114 1.0000
12 276 130 0.0664 1.0000
13 281 156 -0.0493 0.8952
14 263 138 0.0422 0.9186
15 281 148 -0.1502 0.8687
16 276 138 -0.0285 0.9207
17 282 147 -0.1728 0.8138
18 279 138 -0.0382 0.8593
19 283 145 -0.1659 0.8049
20 280 137 -0.0400 0.8456
21 282 146 -0.1498 0.7832
22 278 139 -0.0294 0.8207
23 263 169 -0.0358 1.0000
24 256 162 0.0358 1.0000
25 245 185 -0.1403 0.8414
26 248 179 -0.0209 0.7111
27 245 206 -0.0519 0.8020
28 239 203 0.0290 0.7847
29 248 207 -0.0436 0.8128
30 239 206 0.0327 0.7347
31 239 218 -0.0797 0.8557
32 231 216 -0.0159 0.8377
