0 131 34 0.0456 0.9988
1 131 30 0.0103 0.9985
2 130 30 0.0103 0.9986
3 130 30 0.0102 0.9981
4 132 30 0.0350 0.9982
5 133 30 0.0350 0.9982
6 134 30 0.0349 0.9974
7 130 32 -0.1100 0.9983
8 135 32 0.0017 0.9966
9 130 39 0.0081 0.9977
10 131 39 0.0399 0.9972
11 120 57 -0.2281 0.9999
12 159 61 0.0440 0.9991
13 113 100 -0.2607 0.9853
14 157 95 0.0726 0.7768
15 100 127 -0.1948 0.9328
16 168 129 0.1028 0.6521
17 95 136 -0.2081 0.8839
18 166 141 0.1111 0.5346
19 95 135 -0.2113 0.8846
20 162 138 0.1084 0.5073
21 97 132 -0.1940 0.8187
22 160 135 0.0997 0.4677
23 129 139 -0.1224 0.9996
24 144 136 0.1219 0.9985
25 137 188 -0.0331 0.9933
26 123 176 0.2960 0.8223
27 164 244 0.0857 0.9921
28 114 217 0.5206 0.9197
29 168 252 0.0940 0.9712
30 117 227 0.5405 0.8889
31 134 248 -0.0032 0.9819
32 88 217 0.4910 0.9057
