0 96 41 -0.7274 1.0000
1 99 36 -0.6862 0.9999
2 100 36 -0.6863 0.9999
3 103 36 -0.6862 0.9999
4 92 36 -0.6945 0.9999
5 90 35 -0.6946 0.9999
6 88 35 -0.6947 0.9999
7 105 38 -0.3661 0.9999
8 84 37 -0.4102 0.9999
9 99 47 -0.6021 1.0000
10 92 47 -0.6148 1.0000
11 121 71 -0.1258 1.0000
12 64 67 -0.1678 0.9999
13 126 120 -0.2521 0.9921
14 51 113 -0.3750 0.9926
15 124 103 -0.8740 0.9973
16 62 100 -1.0214 0.9960
17 124 97 -1.0000 0.9932
18 66 95 -1.1395 0.9911
19 124 91 -1.0272 0.9932
20 66 88 -1.1622 0.9908
21 122 92 -0.8956 0.9894
22 66 89 -1.0408 0.9864
23 107 152 0.0209 0.9976
24 76 153 -0.0206 0.9980
25 101 212 0.0373 0.9872
26 73 214 -0.0177 0.9823
27 97 267 0.5395 0.9642
28 71 267 0.4498 0.9486
29 92 270 0.5686 0.8449
30 72 269 0.4765 0.7138
31 99 287 0.2184 0.9418
32 73 280 0.0917 0.9124
