0 247 131 -0.5020 0.9649
1 247 128 -0.4983 0.9583
2 247 127 -0.4983 0.9517
3 247 126 -0.4985 0.9772
4 245 129 -0.5242 0.9735
5 245 129 -0.5243 0.9643
6 244 129 -0.5243 0.9789
7 244 123 -0.4194 0.9449
8 239 127 -0.5374 0.9465
9 244 132 -0.4651 0.9675
10 243 132 -0.4999 0.9781
11 239 122 -0.2799 0.9857
12 224 132 -0.4833 0.9951
13 239 137 -0.2046 0.1581
14 226 153 -0.5134 0.9421
15 239 147 -0.2346 0.1401
16 231 168 -0.5473 0.8924
17 240 147 -0.2496 0.1796
18 232 172 -0.5983 0.8764
19 239 148 -0.2834 0.1843
20 234 170 -0.6013 0.8726
21 239 149 -0.2497 0.1820
22 234 168 -0.5519 0.7987
23 207 124 0.0670 0.9884
24 197 125 -0.0667 0.9959
25 206 154 0.0542 0.4890
26 176 153 -0.0816 0.9452
27 193 178 0.2087 0.3895
28 161 175 0.0442 0.9624
29 190 181 0.2209 0.3192
30 153 175 0.0520 0.8800
31 196 190 0.1477 0.4666
32 159 181 -0.0593 0.9183
