0 197 32 -0.1671 0.9974
1 198 29 -0.1802 0.9964
2 202 27 -0.1804 0.9970
3 203 27 -0.1804 0.9971
4 192 25 -0.1468 0.9951
5 192 29 -0.1468 0.9946
6 190 30 -0.1468 0.9941
7 203 27 -0.1742 0.9981
8 195 28 -0.0209 0.9889
9 201 36 -0.1601 0.9981
10 190 35 -0.1161 0.9953
11 217 54 -0.2228 0.9998
12 191 59 0.1378 0.9970
13 209 96 -0.2255 0.9403
14 188 97 0.1971 0.0673
15 183 102 -0.1997 0.8337
16 182 109 0.0708 0.1067
17 174 104 -0.2355 0.7921
18 176 110 0.0503 0.1260
19 173 98 -0.2440 0.7880
20 177 104 0.0109 0.1309
21 178 102 -0.2005 0.7133
22 181 108 0.0481 0.1263
23 208 133 -0.1174 0.9962
24 184 129 0.1175 0.9939
25 215 188 -0.1374 0.9904
26 181 182 0.1645 0.9282
27 223 241 -0.0377 0.9930
28 182 232 0.3027 0.9715
29 231 250 -0.0384 0.9198
30 186 244 0.3071 0.9232
31 200 250 -0.2096 0.9874
32 160 247 0.1979 0.9716
