0 142 32 -0.2218 0.9993
1 141 26 -0.2018 0.9991
2 140 26 -0.2017 0.9991
3 140 25 -0.2015 0.9989
4 140 26 -0.2740 0.9992
5 139 25 -0.2741 0.9993
6 137 25 -0.2742 0.9993
7 132 26 -0.0532 0.9976
8 128 25 -0.3763 0.9996
9 139 36 -0.1565 0.9991
10 138 36 -0.2500 0.9996
11 123 54 0.1547 0.9989
12 111 55 -0.4692 1.0000
13 120 93 0.1281 0.0512
14 111 99 -0.3977 0.9871
15 140 97 -0.2553 0.0763
16 145 91 -0.1190 0.9498
17 145 96 -0.3199 0.1059
18 153 91 -0.1283 0.9228
19 147 91 -0.3510 0.1146
20 154 86 -0.1365 0.9190
21 144 90 -0.2863 0.1283
22 151 86 -0.1073 0.8792
23 126 133 0.2042 0.9927
24 119 135 -0.2042 0.9979
25 134 181 0.4742 0.6709
26 116 189 -0.1054 0.9847
27 127 229 0.8001 0.8201
28 111 245 0.0321 0.9774
29 120 237 0.8228 0.8208
30 105 254 0.0350 0.9428
31 149 235 0.7322 0.8971
32 134 256 -0.1448 0.9715
