0 188 45 -0.0985 0.9856
1 193 41 -0.0975 0.9761
2 194 41 -0.0976 0.9765
3 196 41 -0.0978 0.9822
4 190 40 -0.0791 0.9765
5 190 40 -0.0791 0.9684
6 190 40 -0.0791 0.9699
7 202 43 -0.0562 0.9843
8 196 42 0.0277 0.9104
9 190 50 -0.0804 0.9755
10 187 50 -0.0564 0.9617
11 205 67 -0.1169 0.9990
12 195 69 0.1546 0.9783
13 212 102 -0.1714 0.9032
14 190 102 0.1972 0.0056
15 192 125 -0.1840 0.5658
16 184 119 0.1259 0.0063
17 192 132 -0.2097 0.5177
18 184 128 0.1207 0.0112
19 189 130 -0.2114 0.5162
20 183 127 0.0903 0.0119
21 189 128 -0.1838 0.4550
22 184 124 0.1098 0.0133
23 198 135 -0.0873 0.9945
24 192 134 0.0876 0.9909
25 200 181 -0.1097 0.9357
26 176 177 0.0653 0.6775
27 204 228 -0.0502 0.9379
28 165 223 0.1262 0.8598
29 205 236 -0.0502 0.7707
30 168 232 0.1255 0.7976
31 190 244 -0.1508 0.9191
32 144 231 0.0480 0.8497
