0 165 143 -0.3806 0.9973
1 172 134 -0.3682 0.9944
2 176 134 -0.3686 0.9952
3 180 134 -0.3688 0.9947
4 163 136 -0.3411 0.9948
5 161 137 -0.3411 0.9947
6 158 137 -0.3415 0.9943
7 184 138 -0.2282 0.9949
8 156 141 -0.1046 0.9936
9 172 151 -0.3215 0.9959
10 163 151 -0.2863 0.9952
11 194 170 -0.2160 0.9978
12 151 173 0.1096 0.9980
13 189 220 -0.1893 0.7914
14 144 220 0.1764 0.4924
15 177 245 -0.2773 0.6064
16 147 238 -0.0186 0.4056
17 175 254 -0.3279 0.5819
18 148 247 -0.0445 0.3776
19 173 249 -0.3536 0.6053
20 148 240 -0.0961 0.3953
21 173 245 -0.2866 0.5822
22 149 237 -0.0433 0.3866
23 183 258 -0.1165 0.9302
24 157 256 0.1172 0.9422
25 173 308 -0.2576 0.5262
26 152 307 -0.0050 0.4527
27 170 365 -0.0110 0.2792
28 151 363 0.1706 0.2985
29 172 372 0.0018 0.3848
30 154 372 0.1789 0.4247
31 165 386 -0.1814 0.2213
32 140 382 -0.0156 0.2297
