0 95 98 0.0524 0.9987
1 94 95 0.0324 0.9990
2 93 95 0.0324 0.9990
3 92 95 0.0324 0.9990
4 97 95 0.0213 0.9990
5 97 94 0.0213 0.9988
6 98 94 0.0213 0.9986
7 88 95 -0.0211 0.9993
8 98 95 -0.0731 0.9990
9 94 100 0.0415 0.9993
10 96 100 0.0267 0.9994
11 62 115 -0.0446 0.9999
12 99 109 -0.0899 0.9998
13 52 145 -0.0253 0.9247
14 108 135 -0.0709 0.8685
15 75 155 0.0298 0.0895
16 108 158 -0.0051 0.1830
17 79 156 0.0325 0.0632
18 107 165 0.0054 0.1397
19 83 155 0.0347 0.0587
20 107 165 0.0080 0.1344
21 82 154 0.0315 0.0593
22 106 163 -0.0002 0.1185
23 82 166 0.0161 0.9996
24 106 162 -0.0161 0.9992
25 74 202 0.0577 0.9356
26 100 200 0.0923 0.8934
27 70 245 0.1140 0.9404
28 89 242 0.1617 0.9119
29 70 254 0.1198 0.9288
30 86 251 0.1700 0.9180
31 62 250 0.1219 0.8211
32 98 249 0.1773 0.8146
