0 43 16 -0.0459 0.9977
1 45 13 -0.0980 0.9987
2 46 13 -0.0983 0.9985
3 46 13 -0.0987 0.9988
4 44 13 -0.0129 0.9981
5 44 13 -0.0127 0.9974
6 44 13 -0.0128 0.9982
7 50 15 -0.2238 0.9990
8 47 14 0.1541 0.9976
9 44 19 -0.0842 0.9967
10 43 19 0.0249 0.9960
11 52 29 -0.4139 0.9969
12 48 29 0.3577 0.9930
13 42 44 -0.3094 0.9388
14 43 47 0.3284 0.0338
15 39 44 0.1516 0.6293
16 39 50 0.0238 0.0328
17 38 44 0.1276 0.5434
18 36 54 0.0086 0.0495
19 39 41 0.1519 0.5506
20 36 53 -0.0679 0.0541
21 37 42 0.1722 0.5603
22 37 53 -0.0199 0.0654
23 48 64 -0.2267 0.9050
24 45 64 0.2277 0.9264
25 50 89 -0.1742 0.4447
26 48 89 0.2544 0.0940
27 53 112 0.0161 0.1604
28 48 113 0.3762 0.0457
29 54 114 0.0300 0.3237
30 49 116 0.3851 0.1474
31 48 121 -0.1268 0.1309
32 42 120 0.2548 0.0617
