0 73 57 -0.7710 1.0000
1 76 52 -0.6966 1.0000
2 77 52 -0.6967 1.0000
3 79 52 -0.6968 1.0000
4 70 51 -0.7303 1.0000
5 67 51 -0.7305 1.0000
6 64 50 -0.7307 1.0000
7 79 55 -0.2713 1.0000
8 57 53 -0.4265 1.0000
9 74 64 -0.6091 1.0000
10 68 64 -0.6529 1.0000
11 93 91 0.0707 0.9999
12 32 91 -0.3128 0.9999
13 104 129 0.0161 0.9833
14 20 136 -0.6839 0.9989
15 135 121 -0.6156 0.9978
16 54 139 -1.2604 0.9978
17 149 116 -0.7404 0.9956
18 67 142 -1.3737 0.9932
19 149 110 -0.7943 0.9961
20 70 135 -1.3737 0.9933
21 143 111 -0.6552 0.9954
22 67 133 -1.2602 0.9915
23 79 181 0.0752 0.9984
24 44 181 -0.0734 0.9972
25 85 246 -0.2669 0.8488
26 38 239 0.0419 0.7525
27 84 295 0.2812 0.2595
28 32 286 0.7942 0.1652
29 81 303 0.3131 0.2102
30 31 292 0.8562 0.1292
31 89 317 -0.0588 0.1182
32 33 308 0.4716 0.1032
