0 72 37 -0.6122 1.0000
1 74 32 -0.5669 1.0000
2 76 32 -0.5670 1.0000
3 77 32 -0.5668 1.0000
4 69 34 -0.5684 1.0000
5 67 34 -0.5684 1.0000
6 65 35 -0.5684 1.0000
7 80 34 -0.2987 1.0000
8 63 37 -0.3127 1.0000
9 77 42 -0.5146 1.0000
10 70 43 -0.5178 1.0000
11 97 68 -0.1190 1.0000
12 52 67 -0.2335 1.0000
13 101 103 -0.0206 0.9794
14 39 102 -0.2842 0.9891
15 100 135 -0.2590 0.9847
16 50 132 -0.5587 0.9663
17 100 146 -0.3361 0.9707
18 52 142 -0.6450 0.9388
19 96 144 -0.4095 0.9714
20 56 138 -0.7044 0.9382
21 95 142 -0.2914 0.9661
22 56 135 -0.5867 0.9322
23 86 139 0.0707 1.0000
24 62 139 -0.0709 1.0000
25 93 187 0.1763 0.9883
26 61 186 0.0566 0.9962
27 96 232 0.5169 0.9936
28 65 228 0.4619 0.9948
29 90 239 0.5315 0.9770
30 68 233 0.4856 0.9418
31 117 244 0.2570 0.9896
32 63 245 0.2011 0.9883
