0 58 24 -0.3590 1.0000
1 60 22 -0.3910 0.9999
2 61 22 -0.3911 1.0000
3 61 22 -0.3911 1.0000
4 60 22 -0.3321 0.9999
5 60 22 -0.3321 0.9999
6 60 21 -0.3321 0.9999
7 65 24 -0.4522 1.0000
8 63 24 -0.1911 0.9999
9 59 27 -0.3769 1.0000
10 58 27 -0.3011 1.0000
11 69 40 -0.5621 1.0000
12 63 39 0.0299 0.9998
13 68 59 -0.6087 0.9989
14 61 57 0.1215 0.1747
15 64 75 -0.5841 0.9968
16 57 71 0.0113 0.3379
17 63 80 -0.6530 0.9921
18 55 75 0.0057 0.3010
19 61 79 -0.6520 0.9918
20 55 75 -0.0572 0.3092
21 61 77 -0.5809 0.9838
22 56 74 -0.0189 0.3038
23 66 70 -0.1807 0.9999
24 62 70 0.1806 0.9993
25 67 93 -0.1150 0.9720
26 64 93 0.4096 0.4331
27 68 120 0.0146 0.9897
28 64 115 0.6773 0.6424
29 70 124 0.0167 0.9688
30 66 119 0.6968 0.7115
31 56 125 -0.1598 0.9874
32 54 118 0.6009 0.8604
