0 128 90 -0.3412 0.9997
1 130 78 -0.3138 0.9993
2 132 80 -0.3140 0.9992
3 136 80 -0.3141 0.9991
4 119 78 -0.3450 0.9996
5 116 77 -0.3451 0.9996
6 106 78 -0.3452 0.9996
7 136 83 -0.1204 0.9990
8 89 82 -0.2616 0.9998
9 131 103 -0.2609 0.9996
10 116 102 -0.3015 0.9998
11 133 135 0.0985 0.9986
12 66 130 -0.2912 0.9999
13 133 206 0.2004 0.2475
14 58 206 -0.3112 0.9618
15 131 246 0.1205 0.1941
16 75 261 -0.3217 0.7263
17 130 262 0.1003 0.1932
18 76 281 -0.3630 0.6224
19 131 257 0.0675 0.2106
20 85 277 -0.3785 0.6452
21 128 251 0.1023 0.2165
22 86 270 -0.3274 0.6637
23 117 267 0.1294 0.9751
24 82 272 -0.1289 0.9901
25 145 341 0.2018 0.6313
26 129 350 -0.0772 0.8626
27 145 421 0.4141 0.3938
28 125 441 0.1325 0.6337
29 138 435 0.4280 0.5039
30 115 452 0.1479 0.5990
31 171 452 0.3405 0.3353
32 150 478 0.0232 0.5327
