0 84 36 -0.4396 0.9952
1 87 33 -0.4282 0.9933
2 88 33 -0.4285 0.9945
3 89 33 -0.4288 0.9954
4 82 35 -0.4092 0.9863
5 82 35 -0.4092 0.9819
6 82 35 -0.4093 0.9776
7 90 33 -0.2977 0.9967
8 82 35 -0.2122 0.9666
9 87 37 -0.3851 0.9966
10 85 38 -0.3610 0.9894
11 95 44 -0.2616 0.9996
12 77 47 -0.0011 0.9908
13 98 62 -0.2277 0.8741
14 72 58 0.0925 0.1688
15 96 74 -0.2734 0.4587
16 73 59 -0.0639 0.1051
17 94 76 -0.3133 0.4043
18 74 61 -0.0886 0.1300
19 93 77 -0.3423 0.4263
20 74 59 -0.1278 0.1370
21 93 75 -0.2831 0.4143
22 74 58 -0.0851 0.1406
23 90 77 -0.0875 0.9972
24 80 76 0.0880 0.9921
25 90 98 -0.0734 0.3246
26 81 96 0.1257 0.2302
27 92 115 0.1880 0.3811
28 80 112 0.4413 0.2603
29 92 118 0.2046 0.3647
30 81 115 0.4649 0.2994
31 91 122 0.0222 0.3909
32 76 119 0.2997 0.2938
