0 84 22 -0.0007 0.9995
1 85 17 -0.0907 0.9995
2 85 17 -0.0907 0.9994
3 86 17 -0.0906 0.9994
4 86 17 -0.0100 0.9995
5 87 17 -0.0101 0.9995
6 88 17 -0.0104 0.9996
7 90 20 -0.3228 0.9995
8 94 19 0.0266 0.9997
9 85 27 -0.0678 0.9996
10 86 27 0.0336 0.9996
11 90 45 -0.5259 0.9998
12 113 45 0.2674 0.9996
13 86 91 -0.4542 0.9557
14 100 83 0.5119 0.0652
15 65 94 -0.1663 0.8957
16 73 81 0.6230 0.1020
17 57 95 -0.1948 0.8631
18 64 81 0.6553 0.1268
19 57 89 -0.1983 0.8590
20 63 79 0.6013 0.1304
21 61 88 -0.1575 0.8297
22 65 79 0.5998 0.1401
23 91 134 -0.2556 0.9971
24 110 132 0.2555 0.9953
25 92 194 -0.0905 0.9639
26 117 189 0.4657 0.5263
27 93 251 0.0125 0.9408
28 125 243 0.6931 0.6790
29 100 260 0.0161 0.9621
30 128 254 0.7097 0.7908
31 64 259 -0.1181 0.8987
32 108 244 0.6400 0.6948
