0 52 23 -0.8975 0.9999
1 54 20 -0.7935 0.9998
2 55 20 -0.7939 0.9997
3 56 20 -0.7939 0.9996
4 50 19 -0.8906 0.9998
5 48 19 -0.8909 0.9999
6 46 19 -0.8914 0.9999
7 56 22 -0.2621 0.9994
8 42 20 -0.6808 0.9999
9 53 29 -0.6901 0.9996
10 48 28 -0.8110 0.9998
11 50 46 0.3903 0.9872
12 34 45 -0.8547 0.9985
13 48 79 0.5405 0.0402
14 31 81 -0.9444 0.7631
15 54 104 0.1972 0.0962
16 42 106 -1.0360 0.4795
17 56 113 0.1415 0.1387
18 42 115 -1.1764 0.4857
19 56 113 0.0306 0.1703
20 45 114 -1.2130 0.5592
21 54 110 0.1256 0.1724
22 45 110 -1.0529 0.5425
23 50 104 0.3535 0.0699
24 36 106 -0.3507 0.0797
25 51 143 0.3249 0.0239
26 45 144 -0.4461 0.0685
27 52 181 0.7929 0.0044
28 38 183 -0.1272 0.0121
29 50 188 0.8056 0.0045
30 33 189 -0.1182 0.0221
31 59 193 0.4702 0.0111
32 51 195 -0.5549 0.0389
