0 313 46 -0.1207 0.9934
1 316 40 -0.1515 0.9921
2 317 40 -0.1516 0.9926
3 317 40 -0.1517 0.9934
4 315 40 -0.1082 0.9908
5 316 40 -0.1082 0.9901
6 316 40 -0.1083 0.9917
7 323 43 -0.2163 0.9918
8 322 42 -0.0220 0.9848
9 316 50 -0.1385 0.9931
10 316 50 -0.0824 0.9894
11 331 71 -0.3044 0.9996
12 325 64 0.1113 0.9984
13 307 100 -0.3154 0.8765
14 310 96 0.1501 0.0539
15 296 120 -0.2116 0.4845
16 301 117 0.0595 0.0725
17 294 129 -0.2371 0.4455
18 296 126 0.0506 0.0780
19 292 128 -0.2398 0.4366
20 296 123 0.0194 0.0808
21 293 124 -0.2089 0.3788
22 298 124 0.0420 0.0840
23 323 138 -0.1243 0.9996
24 317 134 0.1242 0.9985
25 320 189 -0.0533 0.9192
26 307 170 0.3223 0.4326
27 318 236 0.0409 0.9679
28 305 207 0.5269 0.6752
29 324 248 0.0444 0.9175
30 308 215 0.5451 0.6919
31 295 241 -0.0580 0.9617
32 281 204 0.5238 0.8276
