0 87 25 -0.2888 0.9998
1 89 22 -0.2740 0.9997
2 90 22 -0.2742 0.9997
3 92 21 -0.2745 0.9997
4 86 23 -0.2516 0.9995
5 85 23 -0.2515 0.9994
6 84 23 -0.2515 0.9992
7 95 22 -0.0985 0.9998
8 84 24 0.0108 0.9992
9 91 28 -0.2145 0.9999
10 87 29 -0.1835 0.9997
11 107 34 -0.0224 0.9999
12 78 38 0.1718 0.9995
13 110 56 -0.2307 0.9820
14 73 58 -0.0313 0.6354
15 91 45 -0.4719 0.9572
16 75 46 -0.5020 0.6882
17 84 43 -0.5365 0.9124
18 76 45 -0.5833 0.6191
19 84 40 -0.5040 0.9087
20 76 42 -0.5843 0.6014
21 85 41 -0.4594 0.8833
22 76 43 -0.5178 0.5911
23 99 79 -0.0486 0.9990
24 84 79 0.0491 0.9979
25 101 117 -0.1427 0.9520
26 88 116 0.0196 0.8997
27 106 144 0.1293 0.8401
28 93 140 0.4049 0.6699
29 107 147 0.1456 0.4686
30 95 143 0.4371 0.4287
31 106 156 -0.1032 0.6788
32 91 152 0.2469 0.5370
