0 172 63 -0.8362 0.9998
1 180 55 -0.7916 0.9998
2 183 55 -0.7917 0.9998
3 186 56 -0.7919 0.9998
4 167 54 -0.8006 0.9998
5 163 54 -0.8008 0.9997
6 159 54 -0.8010 0.9998
7 191 60 -0.5161 0.9997
8 156 58 -0.5619 0.9998
9 179 73 -0.7300 0.9999
10 163 71 -0.7429 0.9999
11 203 103 -0.3091 0.9996
12 132 112 -0.4968 0.9997
13 189 169 -0.3079 0.4234
14 126 172 -0.6089 0.9472
15 161 183 -0.5345 0.4269
16 183 185 -0.7628 0.8004
17 165 182 -0.5994 0.4218
18 201 186 -0.8366 0.6903
19 165 173 -0.6144 0.4218
20 205 173 -0.8201 0.6758
21 165 171 -0.5446 0.3935
22 199 172 -0.7562 0.6169
23 185 205 0.0385 0.9988
24 144 210 -0.0383 0.9986
25 191 241 -0.7276 0.5699
26 133 268 -0.6861 0.6059
27 171 304 -0.2686 0.4188
28 151 320 -0.1756 0.2827
29 165 312 -0.2277 0.5501
30 156 324 -0.1254 0.1987
31 182 330 -0.4275 0.4815
32 155 352 -0.3214 0.2815
