0 140 106 -0.2615 0.9998
1 141 103 -0.2502 0.9995
2 142 104 -0.2502 0.9994
3 143 104 -0.2502 0.9994
4 138 103 -0.2516 0.9996
5 137 103 -0.2517 0.9996
6 136 103 -0.2516 0.9996
7 144 105 -0.1558 0.9986
8 134 104 -0.1627 0.9992
9 141 109 -0.2242 0.9995
10 138 109 -0.2263 0.9997
11 153 120 -0.0829 0.9994
12 125 120 -0.0890 0.9998
13 160 137 -0.0195 0.9525
14 119 138 -0.0227 0.9781
15 150 149 -0.0711 0.7707
16 126 148 -0.0460 0.8409
17 148 152 -0.0933 0.6198
18 127 152 -0.0634 0.7065
19 146 151 -0.1137 0.6288
20 129 151 -0.0805 0.7104
21 147 149 -0.0805 0.5913
22 129 150 -0.0532 0.6949
23 147 161 0.0025 0.9980
24 130 162 -0.0025 0.9992
25 151 188 0.0452 0.9870
26 127 190 0.0170 0.9940
27 156 214 0.1730 0.9864
28 124 215 0.1371 0.9914
29 155 219 0.1805 0.8959
30 126 219 0.1439 0.8952
31 161 223 0.0794 0.9757
32 118 224 0.0405 0.9807
