0 113 96 -0.0915 0.9992
1 113 93 -0.0722 0.9988
2 114 93 -0.0723 0.9984
3 115 93 -0.0724 0.9986
4 110 92 -0.0860 0.9989
5 109 92 -0.0860 0.9987
6 108 92 -0.0861 0.9990
7 114 94 0.0329 0.9970
8 105 93 -0.0282 0.9991
9 114 100 -0.0503 0.9978
10 111 99 -0.0681 0.9982
11 117 114 0.1220 0.9974
12 99 109 -0.0582 0.9996
13 118 136 0.1349 0.1064
14 92 130 -0.1277 0.9141
15 114 145 0.0517 0.0746
16 109 135 -0.1888 0.7413
17 114 148 0.0352 0.0799
18 114 135 -0.2165 0.6654
19 114 143 0.0201 0.0840
20 114 132 -0.2135 0.6577
21 112 142 0.0415 0.0867
22 113 132 -0.1880 0.5915
23 107 154 0.0543 0.9967
24 94 150 -0.0541 0.9975
25 105 182 -0.0324 0.1582
26 93 179 -0.1547 0.6043
27 94 219 -0.0206 0.2116
28 86 217 -0.1188 0.5814
29 91 225 -0.0242 0.3107
30 84 221 -0.1183 0.4371
31 102 230 -0.1061 0.3308
32 91 230 -0.2117 0.6006
