0 61 17 -0.3812 0.9911
1 62 15 -0.3897 0.9895
2 63 14 -0.3898 0.9917
3 64 14 -0.3900 0.9874
4 61 15 -0.3666 0.9856
5 60 15 -0.3667 0.9848
6 60 14 -0.3668 0.9811
7 66 14 -0.3153 0.9944
8 61 14 -0.2075 0.9847
9 63 18 -0.3434 0.9957
10 61 18 -0.3129 0.9918
11 73 22 -0.2304 0.9993
12 58 21 -0.0692 0.9990
13 70 37 -0.2677 0.7380
14 54 33 -0.1843 0.6177
15 60 33 -0.3471 0.3858
16 59 31 -0.4723 0.4130
17 57 32 -0.3775 0.2879
18 61 31 -0.5169 0.3411
19 59 30 -0.3703 0.2861
20 61 29 -0.5116 0.3109
21 59 31 -0.3422 0.2238
22 61 29 -0.4772 0.2650
23 66 44 -0.0453 0.9977
24 57 43 0.0453 0.9958
25 69 63 -0.1312 0.9328
26 60 62 0.0901 0.8559
27 72 81 0.0040 0.9343
28 65 75 0.4074 0.5480
29 73 83 0.0097 0.6447
30 66 76 0.4356 0.3479
31 74 85 -0.1622 0.8791
32 65 81 0.3265 0.5253
