0 176 35 -0.1530 0.9966
1 180 30 -0.1642 0.9951
2 181 30 -0.1643 0.9958
3 184 29 -0.1644 0.9959
4 175 31 -0.1335 0.9940
5 171 32 -0.1335 0.9935
6 168 33 -0.1336 0.9929
7 187 32 -0.1467 0.9966
8 166 35 -0.0071 0.9862
9 181 39 -0.1414 0.9963
10 176 40 -0.1014 0.9911
11 200 53 -0.1861 0.9995
12 168 60 0.1315 0.9951
13 187 98 -0.1844 0.8464
14 165 94 0.1453 0.0739
15 165 104 -0.1611 0.5524
16 168 108 -0.0009 0.0856
17 156 106 -0.1931 0.5307
18 161 111 -0.0293 0.1044
19 155 101 -0.2105 0.5282
20 162 105 -0.0610 0.1085
21 158 101 -0.1656 0.4680
22 163 102 -0.0212 0.1050
23 192 134 -0.1122 0.9969
24 167 129 0.1123 0.9950
25 199 184 -0.1757 0.9814
26 165 183 0.1580 0.8709
27 204 241 -0.1124 0.9872
28 165 231 0.2950 0.9476
29 210 251 -0.1166 0.9094
30 168 242 0.2992 0.8745
31 186 250 -0.2917 0.9805
32 141 246 0.1893 0.9484
