0 56 79 -1.2422 0.9970
1 59 77 -1.2063 0.9965
2 60 77 -1.2053 0.9955
3 62 77 -1.2046 0.9959
4 57 77 -1.1496 0.9963
5 57 77 -1.1490 0.9952
6 56 76 -1.1483 0.9960
7 63 80 -0.9047 0.9920
8 57 80 -0.6530 0.9903
9 60 83 -1.1150 0.9837
10 56 83 -1.0450 0.9879
11 76 103 -0.9101 0.6865
12 40 102 -0.3974 0.7557
13 81 90 -1.3733 0.7804
14 16 93 -0.8284 0.5513
15 76 64 -1.4920 0.6061
16 29 68 -1.4076 0.4496
17 76 57 -1.6356 0.5507
18 33 63 -1.5530 0.4008
19 76 57 -1.6140 0.5470
20 35 62 -1.5566 0.4049
21 75 60 -1.4976 0.5379
22 34 64 -1.4403 0.4105
23 64 176 -0.2683 0.0106
24 47 176 0.2702 0.0110
25 65 126 -0.4692 0.1405
26 45 129 0.1840 0.0391
27 43 104 0.1275 0.0784
28 37 98 0.6549 0.0275
29 37 104 0.1464 0.0706
30 32 98 0.6919 0.0374
31 45 88 -0.4246 0.1242
32 38 75 0.3369 0.0608
