0 239 83 -0.2430 0.9997
1 243 79 -0.2261 0.9994
2 244 79 -0.2262 0.9993
3 247 79 -0.2263 0.9991
4 238 80 -0.2190 0.9995
5 235 81 -0.2190 0.9993
6 234 81 -0.2190 0.9994
7 247 80 -0.1131 0.9982
8 234 82 -0.0819 0.9992
9 244 86 -0.1986 0.9982
10 237 87 -0.1898 0.9989
11 251 94 -0.0791 0.9991
12 229 98 0.0463 0.9990
13 265 100 -0.1865 0.9418
14 228 126 0.1317 0.3965
15 260 84 -0.3512 0.8280
16 231 144 0.0886 0.4623
17 262 82 -0.3899 0.7300
18 232 145 0.0898 0.4237
19 262 80 -0.3873 0.7260
20 232 145 0.0583 0.4340
21 258 83 -0.3565 0.6922
22 232 145 0.0763 0.4183
23 253 146 -0.0599 0.9990
24 240 146 0.0599 0.9982
25 255 179 -0.1172 0.7008
26 243 180 0.0034 0.5620
27 256 214 -0.0809 0.8540
28 251 214 0.0751 0.7321
29 261 222 -0.0833 0.8240
30 254 220 0.0760 0.7225
31 259 225 -0.1893 0.8876
32 243 224 -0.0111 0.8064
