0 121 30 -0.7187 0.9997
1 125 24 -0.6870 0.9994
2 127 24 -0.6874 0.9995
3 130 24 -0.6874 0.9995
4 118 24 -0.6639 0.9988
5 116 24 -0.6639 0.9985
6 114 25 -0.6638 0.9978
7 134 26 -0.4199 0.9996
8 113 27 -0.3076 0.9966
9 126 36 -0.6143 0.9998
10 117 37 -0.5815 0.9995
11 154 64 -0.3521 1.0000
12 96 58 0.0134 0.9991
13 160 107 -0.5657 0.9982
14 71 89 0.2240 0.9558
15 123 112 -1.0971 0.9979
16 31 89 -0.1271 0.9668
17 114 115 -1.2355 0.9942
18 18 88 -0.2075 0.9496
19 112 110 -1.2554 0.9941
20 17 86 -0.3430 0.9567
21 114 108 -1.1075 0.9912
22 23 86 -0.1997 0.9585
23 127 147 -0.0518 0.9962
24 94 145 0.0524 0.9935
25 128 206 -0.1015 0.9845
26 91 202 0.0070 0.9730
27 129 264 0.2367 0.9586
28 87 261 0.3548 0.9311
29 126 268 0.2485 0.7506
30 91 267 0.3689 0.7265
31 129 287 -0.1327 0.8860
32 79 277 -0.0036 0.8391
