0 212 81 -0.2574 0.9998
1 214 78 -0.2409 0.9997
2 215 78 -0.2410 0.9995
3 216 78 -0.2410 0.9994
4 210 77 -0.2492 0.9997
5 209 77 -0.2492 0.9996
6 206 78 -0.2493 0.9997
7 217 79 -0.1259 0.9989
8 202 79 -0.1639 0.9997
9 214 85 -0.2103 0.9995
10 207 85 -0.2215 0.9997
11 221 100 -0.0177 0.9992
12 194 96 -0.1134 0.9999
13 220 126 0.0419 0.1807
14 193 121 -0.0924 0.6871
15 223 149 -0.0170 0.1136
16 196 143 -0.1215 0.4176
17 225 156 -0.0325 0.1188
18 196 150 -0.1387 0.3660
19 225 156 -0.0563 0.1231
20 198 149 -0.1616 0.3697
21 224 153 -0.0294 0.1218
22 199 147 -0.1306 0.3634
23 214 151 0.0150 0.9991
24 203 149 -0.0150 0.9990
25 212 187 0.0802 0.8712
26 202 182 0.0653 0.9218
27 210 213 0.2225 0.9243
28 201 213 0.2302 0.9350
29 207 222 0.2292 0.8463
30 202 217 0.2419 0.8418
31 214 226 0.1410 0.9122
32 196 223 0.1637 0.9316
