0 173 65 -0.3413 1.0000
1 176 63 -0.3230 1.0000
2 177 63 -0.3230 0.9999
3 179 64 -0.3231 0.9999
4 172 63 -0.3233 0.9999
5 170 63 -0.3234 0.9999
6 169 63 -0.3234 0.9999
7 181 66 -0.2001 0.9999
8 168 66 -0.2048 0.9998
9 176 69 -0.2942 0.9999
10 171 69 -0.2958 0.9999
11 188 85 -0.0980 0.9982
12 160 84 -0.1143 0.9992
13 188 106 -0.0315 0.4736
14 155 103 -0.1347 0.6908
15 189 122 -0.1017 0.1467
16 162 110 -0.3013 0.5726
17 193 126 -0.1195 0.1322
18 163 111 -0.3358 0.5552
19 192 126 -0.1477 0.1400
20 163 109 -0.3524 0.5715
21 191 124 -0.1142 0.1374
22 163 108 -0.3111 0.5052
23 181 120 0.0021 0.9996
24 165 120 -0.0023 0.9993
25 181 148 -0.1384 0.9566
26 167 149 -0.0386 0.9466
27 178 181 -0.0335 0.9811
28 168 182 0.0736 0.9742
29 176 185 -0.0296 0.8811
30 168 185 0.0778 0.7887
31 182 195 -0.1673 0.9797
32 169 196 -0.0542 0.9639
