0 58 17 -0.1753 0.9984
1 60 14 -0.2313 0.9988
2 61 13 -0.2316 0.9988
3 62 13 -0.2320 0.9992
4 59 14 -0.1310 0.9979
5 59 14 -0.1307 0.9974
6 59 14 -0.1311 0.9977
7 69 15 -0.3604 0.9995
8 65 16 0.0916 0.9966
9 61 21 -0.2159 0.9997
10 59 21 -0.0850 0.9989
11 85 36 -0.5622 1.0000
12 62 42 0.3471 0.9989
13 93 66 -0.7382 0.9977
14 62 72 0.5393 0.5444
15 87 95 -0.7932 0.9949
16 52 91 0.3563 0.8454
17 88 103 -0.8934 0.9891
18 48 98 0.3561 0.8198
19 85 103 -0.8863 0.9890
20 47 98 0.2458 0.8468
21 84 101 -0.7849 0.9852
22 48 96 0.3010 0.8444
23 80 97 -0.2216 0.9977
24 64 96 0.2228 0.9953
25 73 135 -0.4277 0.3087
26 62 135 0.1869 0.1257
27 78 168 0.3770 0.0194
28 65 167 0.7169 0.0157
29 79 171 0.4459 0.0297
30 66 171 0.7618 0.0271
31 72 179 0.2378 0.0166
32 61 178 0.5398 0.0142
