0 63 17 -0.5294 0.9999
1 64 14 -0.5042 0.9995
2 65 14 -0.5042 0.9995
3 65 14 -0.5042 0.9995
4 62 15 -0.5020 0.9995
5 61 15 -0.5021 0.9995
6 60 15 -0.5022 0.9994
7 67 15 -0.3217 0.9985
8 60 16 -0.3170 0.9988
9 64 19 -0.4586 0.9998
10 62 19 -0.4573 0.9998
11 77 30 -0.1919 0.9999
12 53 29 -0.1973 0.9998
13 81 50 -0.1130 0.9834
14 49 47 -0.2054 0.9808
15 84 67 -0.2715 0.9782
16 50 59 -0.4439 0.9736
17 85 72 -0.3141 0.9590
18 51 65 -0.5038 0.9523
19 84 72 -0.3753 0.9625
20 52 64 -0.5450 0.9536
21 83 71 -0.2974 0.9577
22 53 62 -0.4648 0.9450
23 72 65 -0.0130 0.9995
24 59 65 0.0130 0.9990
25 68 91 -0.0924 0.9723
26 60 89 0.0651 0.9446
27 69 117 0.0789 0.9631
28 62 107 0.4891 0.8243
29 69 121 0.0824 0.7961
30 64 109 0.5222 0.5225
31 69 124 -0.1475 0.9486
32 61 116 0.3521 0.8333
