0 150 88 -0.3997 0.9991
1 154 84 -0.3784 0.9982
2 156 84 -0.3785 0.9977
3 157 85 -0.3786 0.9972
4 148 83 -0.3840 0.9983
5 145 83 -0.3841 0.9981
6 144 83 -0.3842 0.9979
7 159 87 -0.2177 0.9951
8 142 85 -0.2438 0.9984
9 152 92 -0.3345 0.9983
10 145 91 -0.3421 0.9987
11 167 107 -0.0531 0.9987
12 139 103 -0.1752 0.9997
13 169 136 0.0061 0.4423
14 133 133 -0.1615 0.7643
15 171 157 -0.1123 0.2074
16 134 155 -0.2660 0.4130
17 172 164 -0.1386 0.1823
18 133 162 -0.3029 0.3393
19 173 162 -0.1768 0.1969
20 135 161 -0.3328 0.3600
21 171 160 -0.1312 0.2008
22 136 158 -0.2802 0.3661
23 159 159 0.0461 0.9914
24 144 158 -0.0460 0.9914
25 161 196 0.0058 0.5156
26 153 196 -0.0855 0.7062
27 159 231 0.1657 0.5172
28 148 229 0.0777 0.7189
29 156 236 0.1718 0.5442
30 147 234 0.0861 0.5733
31 166 242 0.0467 0.4694
32 149 243 -0.0535 0.6805
