0 64 15 -0.0550 0.9998
1 66 13 -0.0947 0.9999
2 66 13 -0.0948 0.9999
3 67 13 -0.0949 0.9999
4 66 13 -0.0311 0.9999
5 66 13 -0.0311 0.9999
6 66 13 -0.0312 0.9999
7 70 14 -0.1819 0.9999
8 69 14 0.0976 0.9998
9 65 17 -0.0816 0.9998
10 65 17 -0.0007 0.9998
11 73 28 -0.3166 0.9998
12 72 28 0.2899 0.9991
13 73 46 -0.3097 0.9786
14 71 46 0.2378 0.0785
15 60 41 -0.0864 0.9063
16 61 44 -0.0484 0.1340
17 58 40 -0.1079 0.8589
18 58 44 -0.0762 0.1649
19 58 38 -0.0955 0.8523
20 58 42 -0.1103 0.1670
21 59 38 -0.0724 0.8064
22 59 42 -0.0745 0.1742
23 71 64 -0.1903 0.9984
24 72 64 0.1904 0.9967
25 65 90 -0.2016 0.9535
26 71 91 0.2671 0.2552
27 71 119 -0.1597 0.9514
28 73 117 0.3642 0.4547
29 74 122 -0.1599 0.9396
30 76 121 0.3668 0.5176
31 60 125 -0.2755 0.9436
32 63 123 0.2842 0.5865
