0 61 14 -0.9106 0.9999
1 63 9 -0.8649 0.9999
2 65 9 -0.8653 0.9999
3 66 9 -0.8656 0.9999
4 58 10 -0.8471 0.9999
5 56 10 -0.8470 0.9999
6 54 10 -0.8473 0.9998
7 70 10 -0.5524 0.9999
8 54 11 -0.4699 0.9999
9 65 18 -0.7917 1.0000
10 58 19 -0.7680 1.0000
11 87 38 -0.3679 1.0000
12 44 38 -0.2342 0.9998
13 95 70 -0.3291 0.9972
14 37 68 -0.1534 0.9799
15 85 92 -0.7130 0.9928
16 46 93 -0.5639 0.9567
17 83 101 -0.8526 0.9835
18 49 101 -0.6795 0.9218
19 78 99 -0.9136 0.9849
20 52 99 -0.7568 0.9262
21 78 96 -0.7406 0.9810
22 53 97 -0.6017 0.9189
23 78 97 -0.0271 0.9988
24 55 98 0.0277 0.9977
25 79 132 -0.1058 0.7845
26 59 135 -0.0365 0.7445
27 80 167 0.8246 0.1845
28 62 166 0.9285 0.0726
29 80 170 0.9065 0.1299
30 64 167 1.0225 0.0736
31 79 183 0.6356 0.1010
32 64 179 0.7539 0.0479
