0 83 32 -0.1846 0.9997
1 84 27 -0.1369 0.9993
2 85 27 -0.1371 0.9992
3 86 27 -0.1373 0.9992
4 81 27 -0.1865 0.9995
5 80 27 -0.1864 0.9995
6 78 27 -0.1865 0.9996
7 87 30 0.1019 0.9985
8 74 30 -0.1268 0.9995
9 84 38 -0.0951 0.9988
10 80 38 -0.1606 0.9993
11 92 53 0.2633 0.9985
12 61 53 -0.1980 0.9993
13 106 76 0.4120 0.4764
14 41 84 -0.3266 0.9065
15 113 82 0.3662 0.5085
16 45 102 -0.4069 0.6869
17 116 85 0.3437 0.4343
18 44 109 -0.4405 0.6192
19 114 82 0.3024 0.4524
20 47 107 -0.4813 0.6199
21 113 81 0.3412 0.4609
22 47 105 -0.4222 0.6094
23 74 127 0.1676 0.9971
24 57 124 -0.1677 0.9974
25 79 176 0.1161 0.6509
26 54 172 -0.2166 0.9232
27 68 225 0.1601 0.8015
28 48 223 -0.1281 0.9269
29 61 233 0.1499 0.8159
30 44 229 -0.1289 0.8152
31 87 243 -0.0112 0.8144
32 51 244 -0.3327 0.8818
