0 58 86 -0.1699 0.9989
1 60 85 -0.1560 0.9961
2 60 84 -0.1561 0.9956
3 61 84 -0.1562 0.9949
4 57 85 -0.1571 0.9980
5 56 84 -0.1572 0.9977
6 56 85 -0.1572 0.9979
7 62 86 -0.0727 0.9913
8 45 87 -0.0748 0.9970
9 51 91 -0.1384 0.9958
10 48 91 -0.1390 0.9974
11 56 101 -0.0046 0.9969
12 37 97 -0.0480 0.9987
13 60 113 0.0218 0.7771
14 27 110 -0.0773 0.8798
15 60 123 -0.0481 0.7046
16 25 120 -0.1651 0.8001
17 60 127 -0.0644 0.6175
18 22 122 -0.1916 0.7254
19 60 126 -0.0878 0.6373
20 25 121 -0.2059 0.7276
21 59 125 -0.0599 0.6223
22 26 121 -0.1730 0.6915
23 39 130 0.0146 0.9891
24 27 127 -0.0145 0.9974
25 37 148 0.0343 0.9896
26 16 147 -0.0525 0.9986
27 35 170 0.1262 0.9917
28 9 169 0.0032 0.9983
29 31 174 0.1294 0.9575
30 11 174 0.0031 0.9655
31 42 177 0.0470 0.9846
32 3 175 -0.0936 0.9931
