0 51 11 -0.3666 1.0000
1 54 9 -0.3251 1.0000
2 55 9 -0.3252 1.0000
3 56 9 -0.3253 1.0000
4 50 9 -0.3232 1.0000
5 49 9 -0.3233 1.0000
6 48 9 -0.3234 1.0000
7 58 11 -0.0866 1.0000
8 47 11 -0.0763 1.0000
9 54 15 -0.2771 1.0000
10 49 14 -0.2745 1.0000
11 66 31 0.0312 1.0000
12 37 31 0.0434 1.0000
13 69 53 0.0344 0.9932
14 34 53 -0.0284 0.9830
15 68 69 -0.2739 0.9860
16 34 68 -0.4553 0.9830
17 66 74 -0.3709 0.9733
18 36 73 -0.5564 0.9721
19 64 72 -0.4214 0.9747
20 38 71 -0.6117 0.9747
21 64 71 -0.2994 0.9702
22 38 69 -0.4853 0.9700
23 59 77 -0.0087 0.9995
24 43 76 0.0088 0.9993
25 58 114 -0.1623 0.9701
26 45 113 -0.0813 0.9268
27 59 140 0.3271 0.8607
28 46 139 0.3189 0.7988
29 58 143 0.3573 0.3943
30 47 142 0.3443 0.4329
31 57 152 0.0661 0.7307
32 46 151 0.0432 0.7405
