0 47 18 -0.8151 0.9880
1 47 14 -0.7612 0.9827
2 48 14 -0.7614 0.9778
3 49 14 -0.7617 0.9762
4 44 14 -0.8345 0.9930
5 42 14 -0.8347 0.9931
6 40 14 -0.8354 0.9942
7 47 15 -0.3763 0.9644
8 33 14 -0.7016 0.9975
9 47 22 -0.6550 0.9924
10 43 22 -0.7482 0.9982
11 54 41 0.0589 0.9848
12 16 38 -0.6292 0.9992
13 61 78 0.3848 0.3031
14 10 80 -0.6988 0.9830
15 62 85 0.1086 0.2886
16 28 105 -0.8999 0.8133
17 59 87 0.0279 0.2748
18 36 113 -0.9987 0.6849
19 60 81 -0.0369 0.2963
20 40 107 -1.0400 0.6929
21 59 79 0.0706 0.2719
22 34 105 -0.9101 0.6532
23 57 110 0.1746 0.7341
24 31 111 -0.1733 0.8600
25 60 160 0.2106 0.5447
26 37 162 0.1218 0.4245
27 62 204 0.7304 0.1908
28 39 206 0.6996 0.1811
29 61 210 0.7616 0.1701
30 35 213 0.7424 0.2513
31 69 218 0.4056 0.1378
32 52 220 0.3273 0.1231
