0 218 42 -0.1572 0.9986
1 222 37 -0.1858 0.9988
2 223 37 -0.1859 0.9989
3 224 37 -0.1859 0.9991
4 221 37 -0.1392 0.9983
5 221 37 -0.1392 0.9985
6 221 36 -0.1392 0.9986
7 229 38 -0.2493 0.9990
8 227 38 -0.0405 0.9969
9 221 46 -0.1756 0.9989
10 219 46 -0.1153 0.9979
11 233 64 -0.3717 1.0000
12 230 66 0.1292 0.9977
13 233 102 -0.4249 0.9908
14 227 104 0.1872 0.0227
15 217 136 -0.3671 0.9329
16 218 131 0.0876 0.0233
17 214 145 -0.4099 0.8745
18 215 140 0.0903 0.0291
19 212 144 -0.3933 0.8696
20 212 139 0.0387 0.0304
21 213 141 -0.3578 0.8037
22 214 136 0.0620 0.0312
23 241 134 -0.1543 0.9988
24 233 136 0.1544 0.9958
25 236 184 -0.0988 0.9842
26 222 179 0.2477 0.6839
27 238 231 0.0255 0.9897
28 197 221 0.3799 0.8740
29 249 241 0.0316 0.9488
30 199 230 0.3876 0.8141
31 225 239 -0.0910 0.9819
32 177 229 0.3191 0.8931
