0 72 37 -0.6271 1.0000
1 74 32 -0.5802 1.0000
2 76 32 -0.5803 1.0000
3 77 32 -0.5801 1.0000
4 69 33 -0.5820 1.0000
5 67 34 -0.5819 1.0000
6 65 34 -0.5819 1.0000
7 80 34 -0.3075 1.0000
8 63 37 -0.3224 1.0000
9 76 42 -0.5282 1.0000
10 69 43 -0.5317 1.0000
11 97 68 -0.1262 1.0000
12 52 67 -0.2399 1.0000
13 101 104 -0.0234 0.9821
14 39 102 -0.2794 0.9901
15 99 136 -0.2617 0.9865
16 50 132 -0.5493 0.9694
17 99 147 -0.3391 0.9731
18 51 141 -0.6355 0.9424
19 95 145 -0.4137 0.9737
20 56 138 -0.6980 0.9421
21 94 142 -0.2945 0.9689
22 56 135 -0.5784 0.9363
23 86 139 0.0681 1.0000
24 62 139 -0.0683 1.0000
25 93 186 0.1723 0.9870
26 61 186 0.0526 0.9958
27 95 231 0.5205 0.9924
28 66 228 0.4581 0.9944
29 90 239 0.5356 0.9754
30 69 234 0.4813 0.9412
31 117 244 0.2621 0.9884
32 62 246 0.1914 0.9877
