0 107 66 -0.0219 0.9985
1 102 61 -0.0011 0.9988
2 101 61 -0.0012 0.9986
3 101 61 -0.0012 0.9991
4 102 61 -0.0656 0.9986
5 102 61 -0.0657 0.9981
6 101 61 -0.0658 0.9986
7 93 65 0.0935 0.9986
8 95 64 -0.1990 0.9989
9 106 72 0.0171 0.9980
10 106 72 -0.0672 0.9989
11 96 101 0.2597 0.9995
12 99 97 -0.3591 0.9998
13 120 133 0.2883 0.0121
14 130 131 -0.3695 0.7345
15 150 139 0.1697 0.0131
16 162 133 -0.1759 0.4486
17 158 141 0.1565 0.0203
18 171 134 -0.2034 0.4594
19 158 138 0.1238 0.0204
20 171 129 -0.1923 0.4477
21 155 138 0.1471 0.0224
22 167 129 -0.1664 0.3957
23 141 163 0.1996 0.9997
24 139 165 -0.1996 0.9994
25 187 146 0.2429 0.2131
26 191 138 -0.2041 0.9242
27 214 202 0.3327 0.6507
28 212 195 0.0330 0.9454
29 211 215 0.3346 0.7521
30 206 212 0.0609 0.9095
31 244 201 0.2786 0.7428
32 243 204 0.0580 0.9397
