0 225 96 -0.4761 1.0000
1 230 89 -0.4710 1.0000
2 232 88 -0.4709 1.0000
3 234 87 -0.4710 1.0000
4 221 89 -0.4702 1.0000
5 218 89 -0.4702 1.0000
6 216 88 -0.4702 1.0000
7 237 83 -0.3308 1.0000
8 211 83 -0.3241 1.0000
9 229 98 -0.4115 1.0000
10 221 99 -0.4105 1.0000
11 257 94 -0.1863 1.0000
12 192 99 -0.1595 1.0000
13 284 146 -0.3228 0.9980
14 164 149 -0.2989 0.9992
15 253 143 -0.5933 0.9930
16 197 144 -0.5649 0.9948
17 241 145 -0.6530 0.9847
18 207 143 -0.6189 0.9849
19 238 137 -0.6398 0.9845
20 207 136 -0.6076 0.9816
21 240 134 -0.5908 0.9688
22 204 135 -0.5620 0.9700
23 246 159 -0.0188 0.9999
24 211 163 0.0190 1.0000
25 269 165 -0.5344 0.9983
26 181 168 -0.4817 0.9977
27 268 241 -0.4425 0.9904
28 189 248 -0.3942 0.9956
29 265 249 -0.4411 0.9860
30 197 256 -0.3936 0.9922
31 277 268 -0.6201 0.9813
32 170 262 -0.5702 0.9812
