0 140 86 -0.1379 1.0000
1 142 75 -0.1309 1.0000
2 146 74 -0.1309 1.0000
3 149 72 -0.1310 1.0000
4 135 78 -0.1081 1.0000
5 133 79 -0.1082 1.0000
6 131 80 -0.1083 1.0000
7 159 70 -0.0320 1.0000
8 133 81 0.0804 1.0000
9 148 91 -0.0964 1.0000
10 140 94 -0.0647 1.0000
11 201 105 -0.0088 1.0000
12 133 119 0.1987 1.0000
13 213 168 -0.1815 0.9620
14 108 155 -0.0105 0.9791
15 178 169 -0.4081 0.9492
16 99 113 -0.4052 0.9929
17 171 168 -0.4485 0.8905
18 97 98 -0.4615 0.9816
19 168 163 -0.4371 0.8786
20 101 93 -0.4331 0.9777
21 169 161 -0.4045 0.8492
22 104 99 -0.4003 0.9693
23 201 197 -0.0821 1.0000
24 164 197 0.0817 1.0000
25 201 175 -0.3701 0.9810
26 91 169 -0.1803 0.9609
27 193 201 -0.3648 0.9552
28 69 230 -0.3757 0.9216
29 197 210 -0.3602 0.9446
30 74 247 -0.3932 0.9199
31 179 200 -0.4476 0.9427
32 25 244 -0.4937 0.9062
