0 113 120 -0.2603 1.0000
1 118 118 -0.2406 1.0000
2 120 118 -0.2406 1.0000
3 121 119 -0.2407 1.0000
4 114 116 -0.2409 1.0000
5 113 116 -0.2411 1.0000
6 112 115 -0.2411 1.0000
7 125 121 -0.1124 1.0000
8 113 116 -0.1125 0.9999
9 116 126 -0.2105 1.0000
10 111 123 -0.2108 1.0000
11 135 139 -0.0429 0.9987
12 98 126 -0.0393 0.9998
13 126 165 -0.0369 0.7504
14 71 124 -0.0445 0.9869
15 113 193 -0.0965 0.7563
16 44 113 -0.1132 0.9802
17 112 201 -0.1120 0.6655
18 38 108 -0.1285 0.9461
19 107 199 -0.1340 0.6737
20 38 107 -0.1634 0.9544
21 106 195 -0.1067 0.6576
22 40 109 -0.1303 0.9517
23 108 184 0.0018 0.9984
24 88 179 -0.0019 0.9995
25 126 159 -0.2848 0.9409
26 77 147 -0.3386 0.9877
27 96 192 -0.2878 0.9038
28 62 192 -0.3656 0.9580
29 89 198 -0.2919 0.8971
30 65 199 -0.3720 0.9380
31 86 201 -0.3931 0.9394
32 55 206 -0.4884 0.9590
