0 83 40 -0.2252 0.9999
1 85 37 -0.2248 0.9999
2 86 38 -0.2249 0.9999
3 87 38 -0.2250 0.9999
4 83 38 -0.2037 0.9999
5 83 38 -0.2038 0.9999
6 83 38 -0.2038 0.9999
7 89 40 -0.1872 0.9999
8 83 39 -0.0906 0.9998
9 85 43 -0.2101 1.0000
10 83 43 -0.1824 0.9999
11 97 56 -0.2111 1.0000
12 76 54 0.0218 0.9994
13 94 78 -0.3042 0.9909
14 69 73 0.0090 0.1823
15 74 79 -0.3911 0.8999
16 67 81 -0.1622 0.0815
17 70 78 -0.4361 0.8607
18 64 83 -0.1907 0.0949
19 69 76 -0.4344 0.8632
20 65 81 -0.2144 0.0955
21 71 76 -0.3916 0.7737
22 67 79 -0.1777 0.0938
23 85 90 -0.0897 0.9998
24 75 87 0.0899 0.9993
25 60 87 -0.3142 0.9900
26 53 87 -0.0452 0.8323
27 52 121 -0.2302 0.9931
28 39 111 0.0354 0.9217
29 56 128 -0.2251 0.9832
30 44 124 0.0377 0.8934
31 41 127 -0.3137 0.9917
32 24 116 -0.0425 0.9332
