0 70 52 0.0226 0.9993
1 69 48 0.0190 0.9994
2 69 48 0.0189 0.9993
3 66 47 0.0188 0.9994
4 70 49 -0.0082 0.9994
5 70 49 -0.0082 0.9994
6 70 49 -0.0082 0.9994
7 59 49 0.0301 0.9995
8 61 50 -0.0950 0.9994
9 69 57 0.0333 0.9991
10 69 57 -0.0031 0.9992
11 46 68 0.1085 0.9962
12 53 69 -0.1639 0.9986
13 56 85 0.1985 0.0588
14 67 82 -0.2693 0.7459
15 69 92 0.2092 0.0357
16 77 80 -0.2923 0.3761
17 71 93 0.2172 0.0512
18 80 80 -0.3168 0.4425
19 73 91 0.1983 0.0561
20 78 78 -0.3049 0.4300
21 72 91 0.2011 0.0601
22 77 78 -0.2886 0.4256
23 27 130 0.0915 0.9995
24 31 135 -0.0915 0.9997
25 34 170 0.2139 0.3381
26 50 164 0.0057 0.9768
27 40 210 0.2892 0.6630
28 46 213 0.0594 0.9783
29 33 218 0.2948 0.7007
30 40 220 0.0635 0.9627
31 53 220 0.2745 0.7408
32 69 221 0.0327 0.9636
