0 148 65 -0.3969 1.0000
1 153 55 -0.4094 0.9999
2 158 55 -0.4093 0.9999
3 162 54 -0.4094 0.9999
4 145 56 -0.3659 0.9999
5 143 56 -0.3660 1.0000
6 141 56 -0.3662 0.9999
7 175 58 -0.3775 1.0000
8 146 59 -0.1811 1.0000
9 156 74 -0.3770 1.0000
10 147 74 -0.3207 1.0000
11 216 95 -0.4038 0.9996
12 146 103 -0.0296 0.9991
13 212 175 -0.4728 0.9945
14 129 163 -0.1303 0.7376
15 141 209 -0.5019 0.9919
16 109 209 -0.4516 0.6766
17 127 225 -0.5632 0.9847
18 101 226 -0.5235 0.6715
19 115 215 -0.5639 0.9846
20 102 219 -0.5596 0.6767
21 120 209 -0.4970 0.9809
22 108 214 -0.4791 0.7012
23 238 188 -0.1020 0.9996
24 193 187 0.1020 0.9975
25 195 229 -0.5859 0.9809
26 123 198 -0.1852 0.7465
27 187 322 -0.5365 0.7410
28 108 278 -0.2528 0.3381
29 187 333 -0.5310 0.7252
30 118 293 -0.2685 0.3990
31 169 359 -0.7050 0.6383
32 77 306 -0.4373 0.2729
