0 142 47 -0.2857 1.0000
1 145 40 -0.2650 1.0000
2 147 40 -0.2651 1.0000
3 149 39 -0.2652 1.0000
4 138 41 -0.2485 1.0000
5 136 42 -0.2485 1.0000
6 134 42 -0.2485 1.0000
7 153 38 -0.0846 1.0000
8 134 41 0.0017 1.0000
9 147 50 -0.2119 1.0000
10 139 51 -0.1871 1.0000
11 175 65 -0.0181 1.0000
12 125 63 0.1924 0.9999
13 199 97 -0.1297 0.9918
14 128 107 0.1772 0.8161
15 175 112 -0.4255 0.8917
16 142 122 -0.1563 0.6808
17 169 118 -0.5093 0.8243
18 142 129 -0.2269 0.6247
19 166 114 -0.5285 0.8230
20 145 122 -0.2622 0.6133
21 166 112 -0.4384 0.8045
22 145 119 -0.1768 0.5647
23 162 147 -0.1511 0.9999
24 139 139 0.1514 0.9995
25 107 175 -0.5217 0.9944
26 88 138 -0.1512 0.9058
27 55 224 -0.5907 0.9891
28 59 198 -0.1979 0.7701
29 55 240 -0.6019 0.9784
30 60 212 -0.2108 0.7799
31 21 226 -0.8348 0.9849
32 29 211 -0.3880 0.8367
