0 167 82 -0.9750 0.9990
1 170 77 -0.9679 0.9986
2 172 77 -0.9677 0.9980
3 174 77 -0.9678 0.9983
4 166 76 -0.9496 0.9986
5 166 76 -0.9499 0.9984
6 165 75 -0.9501 0.9986
7 178 77 -0.8061 0.9975
8 165 74 -0.7180 0.9968
9 170 86 -0.9039 0.9996
10 166 85 -0.8788 0.9994
11 192 97 -0.6822 0.9998
12 152 90 -0.4416 0.9991
13 177 132 -0.7773 0.9472
14 125 114 -0.4670 0.7328
15 140 127 -0.8846 0.8878
16 100 140 -0.6370 0.4806
17 130 127 -0.9534 0.8413
18 90 146 -0.6895 0.4156
19 128 122 -0.9512 0.8360
20 93 148 -0.7413 0.4152
21 132 122 -0.8844 0.7624
22 99 147 -0.6652 0.4202
23 181 143 -0.0894 0.9996
24 157 132 0.0895 0.9975
25 170 133 -0.7876 0.9739
26 130 102 -0.3839 0.8032
27 139 190 -0.6285 0.9572
28 92 148 -0.2478 0.7186
29 140 197 -0.6176 0.8161
30 91 158 -0.2412 0.7399
31 117 208 -0.8703 0.9435
32 71 156 -0.4340 0.7346
