0 203 59 -0.5309 0.9999
1 207 56 -0.5442 0.9997
2 208 57 -0.5442 0.9996
3 210 57 -0.5443 0.9996
4 204 56 -0.5395 0.9997
5 203 55 -0.5396 0.9996
6 202 54 -0.5398 0.9997
7 213 55 -0.4949 0.9995
8 202 48 -0.4766 0.9996
9 204 61 -0.5007 0.9999
10 201 59 -0.4957 1.0000
11 219 65 -0.3969 0.9999
12 190 51 -0.3669 1.0000
13 209 89 -0.3606 0.9881
14 179 70 -0.3094 0.9881
15 190 98 -0.3675 0.9612
16 176 90 -0.3197 0.9551
17 184 102 -0.3923 0.9144
18 175 98 -0.3392 0.8915
19 182 99 -0.3976 0.9176
20 178 97 -0.3493 0.8961
21 184 97 -0.3671 0.8778
22 179 95 -0.3219 0.8702
23 203 87 0.0035 0.9998
24 187 79 -0.0038 0.9998
25 200 113 0.0008 0.2168
26 169 95 -0.0389 0.4728
27 192 125 0.2939 0.0679
28 162 118 0.1672 0.2217
29 190 125 0.3230 0.0435
30 161 120 0.1873 0.0936
31 189 136 0.2767 0.1119
32 156 128 0.1207 0.2786
