0 237 135 -1.0176 1.0000
1 240 127 -1.0080 1.0000
2 243 126 -1.0081 0.9999
3 245 125 -1.0084 1.0000
4 233 128 -1.0128 1.0000
5 230 128 -1.0130 0.9999
6 226 127 -1.0130 0.9999
7 248 118 -0.8379 0.9999
8 220 121 -0.8589 0.9999
9 241 138 -0.9419 1.0000
10 232 139 -0.9484 1.0000
11 271 132 -0.6432 1.0000
12 197 137 -0.6686 1.0000
13 273 192 -0.6654 0.9924
14 185 192 -0.6999 0.9934
15 278 242 -0.7952 0.9873
16 178 242 -0.8168 0.9939
17 285 253 -0.8560 0.9647
18 172 253 -0.8824 0.9827
19 278 253 -0.8884 0.9691
20 180 253 -0.9164 0.9850
21 274 250 -0.8125 0.9574
22 183 250 -0.8357 0.9778
23 258 175 0.0323 1.0000
24 225 194 -0.0323 0.9999
25 325 196 0.1267 0.9482
26 274 214 0.0553 0.7576
27 386 219 0.3481 0.9028
28 312 211 0.5031 0.4098
29 389 223 0.3662 0.8304
30 317 210 0.5453 0.3483
31 411 230 0.2399 0.9066
32 328 217 0.4469 0.5470
