0 192 62 -0.0760 0.9969
1 189 59 -0.0623 0.9953
2 189 59 -0.0623 0.9952
3 189 59 -0.0624 0.9968
4 189 60 -0.1028 0.9953
5 189 60 -0.1028 0.9952
6 189 60 -0.1029 0.9962
7 185 61 0.0082 0.9946
8 185 62 -0.1739 0.9950
9 190 65 -0.0455 0.9954
10 190 66 -0.0983 0.9976
11 179 81 0.1443 0.9989
12 182 82 -0.2738 0.9999
13 187 110 0.1960 0.0954
14 193 112 -0.3201 0.9810
15 208 125 0.1496 0.0827
16 216 126 -0.2803 0.9581
17 214 128 0.1552 0.0940
18 221 130 -0.3165 0.9364
19 218 127 0.1228 0.0938
20 223 128 -0.2994 0.9304
21 216 127 0.1329 0.0973
22 221 126 -0.2728 0.8830
23 182 126 0.1343 0.9975
24 181 128 -0.1343 0.9966
25 220 136 0.1405 0.1791
26 225 135 -0.1589 0.9525
27 220 177 0.2229 0.4235
28 223 177 -0.0151 0.9573
29 215 184 0.2274 0.5352
30 215 184 0.0005 0.9248
31 238 185 0.1979 0.5185
32 240 186 -0.0112 0.9391
