0 42 31 -0.2875 1.0000
1 44 29 -0.2536 1.0000
2 44 29 -0.2539 1.0000
3 45 30 -0.2541 1.0000
4 41 27 -0.2643 1.0000
5 40 27 -0.2644 1.0000
6 38 26 -0.2645 1.0000
7 46 32 -0.0643 1.0000
8 36 27 -0.1127 1.0000
9 42 35 -0.2157 1.0000
10 39 33 -0.2293 1.0000
11 44 46 0.0972 0.9999
12 24 37 -0.1056 0.9999
13 40 65 0.1439 0.5529
14 6 49 -0.1457 0.8664
15 36 72 -0.0289 0.4420
16 12 64 -0.2601 0.4456
17 35 76 -0.0629 0.4560
18 13 70 -0.3002 0.3403
19 35 73 -0.0911 0.4727
20 17 68 -0.3063 0.3547
21 35 72 -0.0427 0.4648
22 16 66 -0.2619 0.3936
23 22 75 0.1183 0.9993
24 10 72 -0.1181 0.9996
25 37 69 0.0300 0.6385
26 32 73 -0.4460 0.9559
27 25 94 -0.0061 0.6176
28 33 102 -0.4512 0.9236
29 19 97 -0.0130 0.6804
30 29 106 -0.4464 0.9066
31 29 103 -0.1015 0.6171
32 47 114 -0.5511 0.8864
