0 288 73 -0.3261 0.9999
1 289 67 -0.3341 0.9997
2 291 66 -0.3341 0.9997
3 292 65 -0.3341 0.9998
4 285 68 -0.3316 0.9996
5 284 68 -0.3317 0.9995
6 282 67 -0.3317 0.9995
7 294 59 -0.2588 0.9998
8 279 63 -0.2415 0.9987
9 291 76 -0.2845 0.9999
10 286 76 -0.2800 0.9998
11 323 72 -0.1892 1.0000
12 263 77 -0.1240 0.9998
13 331 123 -0.2086 0.9823
14 260 128 -0.2074 0.9281
15 293 143 -0.2819 0.9578
16 274 93 -0.3802 0.9539
17 287 156 -0.3075 0.8950
18 278 82 -0.4159 0.9075
19 279 154 -0.3093 0.8919
20 277 78 -0.4069 0.8941
21 280 150 -0.2798 0.8690
22 276 80 -0.3781 0.8472
23 314 140 -0.0220 0.9997
24 280 142 0.0223 0.9997
25 328 155 -0.4011 0.9880
26 255 149 -0.3834 0.9879
27 316 226 -0.3241 0.9775
28 269 226 -0.3056 0.9869
29 310 236 -0.3190 0.9323
30 277 238 -0.2983 0.9570
31 321 251 -0.4594 0.9807
32 256 249 -0.4235 0.9847
