0 44 29 -0.5090 0.9854
1 47 25 -0.4988 0.9881
2 49 25 -0.4991 0.9873
3 50 25 -0.4995 0.9881
4 42 25 -0.4892 0.9876
5 41 25 -0.4891 0.9852
6 39 26 -0.4896 0.9845
7 51 26 -0.3114 0.9949
8 39 27 -0.2627 0.9827
9 49 33 -0.4254 0.9959
10 42 33 -0.4131 0.9892
11 63 47 -0.2361 0.9982
12 29 46 -0.1065 0.9908
13 70 81 -0.3469 0.9673
14 21 75 -0.5945 0.9441
15 51 76 -0.4830 0.9389
16 38 55 -1.2143 0.9748
17 44 78 -0.5485 0.8874
18 43 47 -1.3235 0.9453
19 42 74 -0.5179 0.8848
20 42 44 -1.2777 0.9379
21 43 73 -0.4657 0.8611
22 41 47 -1.2106 0.9217
23 54 109 -0.1078 0.9857
24 33 107 0.1091 0.9862
25 52 152 -0.0990 0.7173
26 32 150 0.3474 0.4703
27 52 188 0.4919 0.0591
28 34 187 0.9536 0.0573
29 52 193 0.5345 0.0398
30 36 193 1.0063 0.0568
31 48 202 0.2053 0.0216
32 29 199 0.6812 0.0242
