0 127 72 -0.7612 1.0000
1 135 65 -0.7475 1.0000
2 138 65 -0.7475 1.0000
3 142 66 -0.7477 1.0000
4 124 61 -0.7523 1.0000
5 121 60 -0.7525 1.0000
6 117 59 -0.7525 1.0000
7 148 66 -0.4920 1.0000
8 112 58 -0.5177 1.0000
9 131 81 -0.6476 1.0000
10 119 79 -0.6551 1.0000
11 167 93 -0.3127 1.0000
12 81 89 -0.3821 1.0000
13 188 156 -0.3067 0.9855
14 58 149 -0.4137 0.9972
15 170 180 -0.6769 0.9657
16 87 178 -0.7012 0.9844
17 165 199 -0.7523 0.9433
18 92 197 -0.7685 0.9675
19 153 194 -0.7833 0.9440
20 103 192 -0.7815 0.9676
21 152 188 -0.6877 0.9364
22 104 187 -0.6994 0.9627
23 143 181 0.0153 0.9995
24 98 182 -0.0155 0.9996
25 205 189 -0.6910 0.9518
26 45 187 -0.7859 0.9427
27 114 220 -0.5750 0.5619
28 146 214 -0.5717 0.5366
29 105 214 -0.5385 0.6084
30 155 207 -0.5184 0.5655
31 78 227 -0.6812 0.5822
32 183 222 -0.6351 0.5633
