0 154 47 0.0985 1.0000
1 158 45 0.1222 1.0000
2 160 46 0.1224 1.0000
3 161 47 0.1224 1.0000
4 154 44 0.1325 1.0000
5 152 44 0.1324 1.0000
6 151 44 0.1324 1.0000
7 164 51 0.2171 1.0000
8 149 48 0.2640 1.0000
9 157 53 0.1316 1.0000
10 150 51 0.1445 1.0000
11 170 81 0.1512 0.9997
12 131 74 0.3197 0.9982
13 158 103 0.1048 0.7731
14 120 103 0.1403 0.6573
15 154 82 0.1762 0.6990
16 148 85 -0.0871 0.7160
17 153 78 0.1864 0.6306
18 155 80 -0.1207 0.6001
19 155 76 0.1919 0.6121
20 156 76 -0.0839 0.5412
21 155 78 0.1837 0.6051
22 153 78 -0.0778 0.5091
23 146 137 -0.1193 0.9997
24 124 129 0.1192 0.9998
25 86 115 -0.2421 0.9705
26 81 135 -0.0861 0.8997
27 40 162 -0.3441 0.9907
28 86 200 -0.1861 0.9183
29 38 173 -0.3553 0.9484
30 83 205 -0.1978 0.8662
31 14 161 -0.4345 0.9905
32 56 210 -0.2743 0.9303
