0 160 63 -0.5146 1.0000
1 158 61 -0.5077 1.0000
2 158 60 -0.5076 0.9999
3 157 60 -0.5078 1.0000
4 158 61 -0.5177 1.0000
5 157 62 -0.5178 1.0000
6 159 64 -0.5178 1.0000
7 153 61 -0.4133 0.9999
8 153 64 -0.4566 1.0000
9 160 65 -0.4720 0.9999
10 159 66 -0.4850 0.9999
11 148 74 -0.2782 0.9998
12 161 90 -0.3308 0.9979
13 159 74 -0.1195 0.6069
14 170 105 -0.2519 0.5703
15 168 67 -0.0522 0.6673
16 182 101 -0.1976 0.5976
17 167 66 -0.0572 0.5952
18 185 106 -0.2013 0.5904
19 167 67 -0.0684 0.6062
20 183 104 -0.2234 0.5822
21 169 69 -0.0552 0.6074
22 181 103 -0.2028 0.4982
23 158 114 -0.0084 1.0000
24 162 116 0.0084 0.9998
25 155 119 -0.0095 0.4876
26 162 119 0.1199 0.1664
27 152 150 0.1730 0.5214
28 158 149 0.2747 0.4838
29 153 156 0.1919 0.5320
30 158 154 0.2902 0.4839
31 148 154 0.1522 0.5266
32 157 154 0.2480 0.5123
