0 89 39 -0.1653 0.9996
1 85 32 -0.1220 0.9998
2 85 32 -0.1222 0.9997
3 84 32 -0.1223 0.9998
4 84 33 -0.2002 0.9998
5 82 33 -0.2003 0.9997
6 81 34 -0.2004 0.9998
7 74 36 0.0843 0.9997
8 70 38 -0.2645 0.9998
9 88 46 -0.0837 0.9999
10 86 46 -0.1841 1.0000
11 87 70 0.2852 0.9993
12 36 82 -0.3968 0.9999
13 104 113 0.0973 0.1116
14 49 136 -0.4264 0.9727
15 116 119 -0.4542 0.1001
16 95 125 -0.3181 0.9180
17 122 123 -0.5503 0.1463
18 110 124 -0.3684 0.8971
19 118 118 -0.5679 0.1454
20 110 115 -0.3718 0.8970
21 114 117 -0.4824 0.1471
22 105 115 -0.3097 0.8729
23 91 153 0.2554 0.9998
24 67 164 -0.2551 0.9997
25 150 171 0.0730 0.8369
26 143 126 -0.4188 0.9787
27 150 246 0.1929 0.9317
28 203 188 -0.2322 0.9873
29 142 258 0.1985 0.9477
30 204 205 -0.2118 0.9796
31 178 263 0.0443 0.9221
32 241 183 -0.3528 0.9798
