0 144 170 -0.2850 1.0000
1 147 166 -0.2771 0.9999
2 148 165 -0.2771 0.9999
3 149 165 -0.2771 0.9999
4 142 166 -0.2744 0.9999
5 141 166 -0.2745 0.9999
6 140 166 -0.2746 0.9999
7 153 166 -0.1928 0.9999
8 139 166 -0.1823 0.9999
9 148 173 -0.2500 1.0000
10 142 173 -0.2469 1.0000
11 165 179 -0.1470 0.9999
12 130 180 -0.1307 1.0000
13 171 202 -0.1889 0.9933
14 122 202 -0.1744 0.9935
15 151 218 -0.2961 0.9847
16 139 220 -0.2897 0.9681
17 148 224 -0.3339 0.9666
18 141 226 -0.3274 0.9369
19 145 222 -0.3410 0.9685
20 144 223 -0.3308 0.9383
21 146 220 -0.2998 0.9558
22 144 221 -0.2921 0.9245
23 161 218 0.0014 0.9982
24 141 219 -0.0012 0.9985
25 165 218 -0.3031 0.9462
26 132 220 -0.3259 0.9529
27 161 250 -0.1497 0.8402
28 151 250 -0.1890 0.8480
29 161 252 -0.1354 0.7661
30 152 253 -0.1765 0.7671
31 163 260 -0.2323 0.8251
32 161 260 -0.2824 0.8061
