0 129 35 -0.4183 1.0000
1 132 28 -0.3835 1.0000
2 134 28 -0.3835 1.0000
3 136 28 -0.3835 1.0000
4 125 30 -0.3629 1.0000
5 123 30 -0.3629 1.0000
6 121 31 -0.3629 1.0000
7 141 30 -0.1766 1.0000
8 119 35 -0.0825 1.0000
9 135 41 -0.3407 1.0000
10 126 43 -0.3146 1.0000
11 163 65 -0.2140 1.0000
12 111 72 0.1623 1.0000
13 172 115 -0.3288 0.9972
14 88 113 0.1459 0.9326
15 145 159 -0.5241 0.9919
16 81 146 -0.2165 0.9264
17 137 168 -0.6109 0.9847
18 77 157 -0.2828 0.8971
19 131 165 -0.6398 0.9858
20 82 156 -0.3454 0.9025
21 131 162 -0.5359 0.9799
22 85 153 -0.2506 0.8978
23 170 157 -0.1618 1.0000
24 139 158 0.1613 1.0000
25 128 178 -0.7866 0.9987
26 77 168 -0.3315 0.9691
27 166 251 -0.6090 0.9958
28 75 256 -0.2467 0.9802
29 176 262 -0.5937 0.9847
30 85 272 -0.2457 0.9544
31 139 275 -0.7938 0.9951
32 43 274 -0.4383 0.9764
