0 109 43 -0.2448 0.9997
1 105 35 -0.2112 0.9998
2 105 35 -0.2116 0.9998
3 105 35 -0.2120 0.9999
4 103 35 -0.2994 0.9998
5 101 35 -0.2996 0.9998
6 98 34 -0.2996 0.9998
7 94 38 -0.0135 0.9999
8 86 38 -0.4086 0.9997
9 107 52 -0.1613 0.9998
10 104 52 -0.2765 0.9998
11 75 80 0.2795 0.9995
12 62 79 -0.5829 0.9997
13 81 133 0.4436 0.3047
14 81 143 -0.5752 0.9628
15 130 148 0.2798 0.4445
16 134 144 -0.3605 0.9236
17 141 160 0.2773 0.4432
18 143 157 -0.4246 0.8990
19 142 157 0.1746 0.4701
20 146 153 -0.4088 0.8990
21 138 152 0.2292 0.4719
22 143 148 -0.3520 0.8694
23 42 160 0.2732 0.9936
24 30 169 -0.2725 0.9960
25 125 152 0.3214 0.4736
26 126 157 -0.4391 0.9817
27 159 226 0.3517 0.5004
28 168 240 -0.3365 0.9650
29 158 243 0.3491 0.5005
30 161 257 -0.3215 0.9434
31 195 229 0.2771 0.5771
32 209 257 -0.4096 0.9424
