0 77 21 -0.1893 0.9995
1 77 17 -0.1377 0.9996
2 77 17 -0.1380 0.9996
3 77 17 -0.1383 0.9997
4 75 17 -0.2187 0.9993
5 74 17 -0.2186 0.9990
6 73 17 -0.2186 0.9989
7 72 17 0.1228 0.9998
8 66 17 -0.2283 0.9993
9 76 25 -0.0877 0.9997
10 74 25 -0.1895 0.9995
11 72 39 0.3974 0.9999
12 52 37 -0.4044 0.9992
13 81 69 0.1669 0.8990
14 64 67 -0.5382 0.9900
15 88 47 -0.4189 0.9410
16 82 43 -0.3471 0.9768
17 93 41 -0.5175 0.9057
18 89 40 -0.3861 0.9470
19 92 39 -0.4761 0.8996
20 88 36 -0.3793 0.9423
21 89 40 -0.4237 0.8779
22 86 37 -0.3357 0.9262
23 58 91 0.2861 0.9990
24 49 96 -0.2853 0.9957
25 97 102 0.1532 0.2486
26 92 110 -0.3715 0.7382
27 89 144 0.1254 0.0830
28 85 137 0.1761 0.0844
29 80 150 0.1168 0.1418
30 76 141 0.2470 0.2170
31 104 157 0.0367 0.0935
32 98 151 0.3442 0.1086
