0 31 17 -0.2834 0.9970
1 34 13 -0.2478 0.9979
2 35 13 -0.2481 0.9981
3 36 13 -0.2483 0.9982
4 32 13 -0.2639 0.9965
5 32 13 -0.2640 0.9960
6 31 13 -0.2642 0.9971
7 39 15 -0.0271 0.9962
8 33 14 -0.0942 0.9973
9 35 20 -0.1951 0.9989
10 31 20 -0.2150 0.9994
11 45 31 0.1955 0.9999
12 25 30 -0.1481 1.0000
13 57 53 0.0978 0.7431
14 25 58 -0.2663 0.9649
15 68 55 -0.3464 0.8116
16 48 58 -0.4249 0.9395
17 68 59 -0.4250 0.7982
18 55 59 -0.5061 0.9196
19 65 55 -0.4716 0.8028
20 56 56 -0.4987 0.9177
21 64 54 -0.3750 0.7743
22 54 55 -0.4192 0.8885
23 39 75 0.1730 0.9991
24 27 78 -0.1726 0.9991
25 70 80 -0.0567 0.6768
26 65 77 -0.4373 0.9935
27 95 109 -0.1614 0.7881
28 96 97 -0.4256 0.9764
29 97 116 -0.1820 0.7065
30 101 109 -0.4264 0.9453
31 108 105 -0.3937 0.8126
32 114 100 -0.6146 0.9709
