0 61 50 -0.7395 1.0000
1 62 41 -0.7602 1.0000
2 65 39 -0.7603 1.0000
3 68 38 -0.7609 1.0000
4 56 45 -0.7297 0.9999
5 54 47 -0.7298 0.9999
6 52 48 -0.7303 0.9999
7 75 36 -0.6874 1.0000
8 53 48 -0.5476 1.0000
9 70 53 -0.6996 1.0000
10 62 58 -0.6589 1.0000
11 113 58 -0.5802 1.0000
12 49 77 -0.4353 0.9999
13 139 114 -0.5010 0.9986
14 36 122 -0.3405 0.9925
15 131 168 -0.5366 0.9836
16 31 165 -0.4103 0.9301
17 135 181 -0.5872 0.9629
18 25 178 -0.4297 0.8872
19 127 181 -0.6220 0.9642
20 30 179 -0.5034 0.8870
21 125 178 -0.5445 0.9607
22 35 175 -0.4413 0.8896
23 113 145 0.0052 0.9994
24 76 145 -0.0055 0.9988
25 125 213 -0.1223 0.3324
26 73 203 -0.0858 0.5881
27 122 269 0.1534 0.1423
28 71 265 0.1238 0.2503
29 121 275 0.1676 0.1523
30 74 275 0.1361 0.1272
31 130 290 -0.0127 0.1053
32 73 293 -0.0736 0.1677
