0 127 77 -0.4160 0.9999
1 130 69 -0.3912 1.0000
2 133 69 -0.3913 1.0000
3 135 69 -0.3914 1.0000
4 122 70 -0.3930 1.0000
5 120 70 -0.3931 1.0000
6 117 70 -0.3931 1.0000
7 138 71 -0.2171 1.0000
8 114 72 -0.2250 1.0000
9 131 83 -0.3490 1.0000
10 121 83 -0.3514 1.0000
11 160 109 -0.1469 0.9991
12 95 110 -0.1446 0.9996
13 170 165 -0.3898 0.9789
14 88 171 -0.3598 0.9869
15 169 128 -0.7855 0.9860
16 88 139 -0.7649 0.9948
17 167 120 -0.8429 0.9773
18 87 132 -0.8233 0.9922
19 167 114 -0.8214 0.9752
20 86 126 -0.8108 0.9912
21 167 116 -0.7825 0.9622
22 87 127 -0.7652 0.9862
23 148 192 -0.0040 0.9993
24 111 192 0.0040 0.9994
25 194 192 -0.5564 0.9917
26 59 191 -0.5101 0.9869
27 119 223 -0.3839 0.8663
28 145 227 -0.3612 0.9299
29 113 221 -0.3560 0.8398
30 150 223 -0.3350 0.8570
31 88 223 -0.4665 0.8977
32 184 227 -0.4464 0.9210
