0 137 112 -0.0483 0.9992
1 137 108 -0.0697 0.9995
2 138 108 -0.0698 0.9995
3 139 107 -0.0699 0.9995
4 136 109 -0.0310 0.9994
5 136 109 -0.0310 0.9995
6 136 108 -0.0310 0.9995
7 145 105 -0.1139 0.9998
8 143 106 0.0573 0.9995
9 141 114 -0.0615 0.9996
10 140 114 -0.0119 0.9992
11 165 123 -0.1782 0.9998
12 152 127 0.1619 0.9980
13 168 156 -0.1794 0.9151
14 152 158 0.0642 0.1379
15 144 160 -0.0707 0.7868
16 145 155 -0.1569 0.1189
17 138 160 -0.0903 0.6641
18 143 153 -0.1726 0.1101
19 137 156 -0.0717 0.6520
20 141 151 -0.1812 0.1018
21 139 155 -0.0586 0.5694
22 142 151 -0.1682 0.1112
23 174 177 -0.0983 0.9953
24 167 177 0.0984 0.9931
25 165 220 -0.1244 0.6376
26 161 219 0.1158 0.1374
27 163 256 0.0529 0.3319
28 164 253 0.2461 0.1644
29 166 262 0.0665 0.3359
30 167 259 0.2548 0.2095
31 150 266 -0.0041 0.3558
32 154 264 0.1803 0.2084
