0 224 110 -0.0352 0.9873
1 226 106 -0.0569 0.9897
2 227 106 -0.0569 0.9895
3 227 106 -0.0570 0.9918
4 226 106 -0.0263 0.9907
5 227 105 -0.0263 0.9917
6 228 105 -0.0264 0.9947
7 233 107 -0.1113 0.9865
8 234 106 0.0247 0.9936
9 228 114 -0.0535 0.9912
10 229 114 -0.0139 0.9867
11 246 128 -0.1855 0.9985
12 248 128 0.1177 0.9955
13 245 167 -0.1924 0.7607
14 245 163 0.1523 0.0162
15 215 174 -0.1118 0.6572
16 223 173 0.0913 0.0230
17 206 174 -0.1291 0.6471
18 213 172 0.0898 0.0403
19 206 170 -0.1188 0.6460
20 215 172 0.0666 0.0403
21 208 169 -0.1058 0.5740
22 216 172 0.0785 0.0446
23 261 193 -0.0983 0.9950
24 259 186 0.0983 0.9913
25 207 193 -0.1228 0.9436
26 211 189 0.0929 0.3023
27 221 243 -0.0487 0.9735
28 221 236 0.1540 0.5100
29 227 251 -0.0395 0.9636
30 229 244 0.1588 0.6363
31 197 252 -0.0394 0.9617
32 206 251 0.1552 0.6060
