0 106 62 -0.9576 0.9985
1 105 56 -0.9337 0.9980
2 106 55 -0.9341 0.9976
3 106 55 -0.9346 0.9987
4 102 57 -0.9998 0.9977
5 100 58 -0.9999 0.9964
6 98 58 -0.9998 0.9968
7 98 54 -0.7285 0.9985
8 89 60 -1.0196 0.9933
9 105 67 -0.8656 0.9996
10 101 68 -0.9504 0.9993
11 93 66 -0.4542 0.9996
12 65 90 -0.9297 0.9945
13 106 99 -0.2621 0.6546
14 81 134 -0.8088 0.9559
15 128 120 -0.3755 0.6435
16 122 130 -0.6747 0.9380
17 133 128 -0.4125 0.5737
18 129 138 -0.7443 0.9100
19 133 128 -0.4878 0.5958
20 130 132 -0.7541 0.9119
21 130 126 -0.4066 0.6010
22 128 129 -0.6767 0.8706
23 77 116 0.1702 0.9978
24 56 129 -0.1700 0.9986
25 131 118 -0.1948 0.8651
26 95 154 -0.5447 0.9672
27 123 162 0.2700 0.8244
28 88 200 -0.1811 0.9903
29 117 168 0.3158 0.8174
30 81 205 -0.1426 0.9592
31 145 178 0.2270 0.8389
32 105 226 -0.2765 0.9819
