0 179 81 -0.2580 0.9998
1 186 66 -0.1795 0.9999
2 192 65 -0.1795 0.9998
3 196 65 -0.1798 0.9999
4 168 68 -0.1805 0.9999
5 161 69 -0.1806 0.9998
6 156 71 -0.1808 0.9999
7 205 75 0.1626 0.9998
8 148 84 0.1679 0.9999
9 193 98 -0.1351 0.9999
10 170 101 -0.1353 0.9999
11 249 148 0.1732 0.9979
12 113 159 0.1776 0.9986
13 293 235 -0.3775 0.9864
14 64 247 -0.3898 0.9881
15 206 150 -0.8299 0.9875
16 141 150 -0.8216 0.9809
17 191 126 -0.9184 0.9591
18 159 129 -0.9080 0.9271
19 190 124 -0.8048 0.9533
20 162 128 -0.8227 0.9069
21 191 135 -0.7905 0.9347
22 161 138 -0.7932 0.8780
23 225 331 -0.0279 0.9288
24 137 338 0.0281 0.9578
25 299 253 -0.8595 0.9103
26 50 270 -0.9498 0.9004
27 231 363 -0.7126 0.4979
28 97 435 -0.7717 0.5209
29 218 385 -0.6935 0.4184
30 110 453 -0.7482 0.4263
31 218 378 -0.9479 0.4493
32 97 460 -1.0414 0.4017
