0 213 103 -0.0465 0.9929
1 216 99 -0.0714 0.9956
2 217 99 -0.0714 0.9957
3 217 99 -0.0714 0.9967
4 216 98 -0.0385 0.9953
5 217 98 -0.0386 0.9948
6 217 98 -0.0387 0.9963
7 222 101 -0.1340 0.9949
8 223 100 0.0138 0.9945
9 216 107 -0.0666 0.9955
10 215 107 -0.0238 0.9908
11 233 129 -0.1952 0.9969
12 234 124 0.1113 0.9937
13 222 159 -0.2011 0.6598
14 221 148 0.2232 0.0290
15 201 144 -0.1010 0.6505
16 203 140 0.2559 0.0787
17 194 141 -0.1107 0.6707
18 197 137 0.2679 0.1100
19 195 136 -0.1108 0.6706
20 194 134 0.2503 0.1110
21 199 137 -0.0974 0.6094
22 195 136 0.2480 0.1186
23 240 192 -0.0998 0.9981
24 237 186 0.1000 0.9960
25 190 188 -0.1333 0.9588
26 206 181 0.2020 0.4834
27 188 239 -0.0989 0.9710
28 217 219 0.2770 0.5695
29 194 248 -0.0943 0.9422
30 223 225 0.2841 0.5678
31 164 251 -0.1131 0.9573
32 204 229 0.2916 0.6499
