0 232 73 -0.4225 0.9998
1 241 65 -0.4064 0.9999
2 245 66 -0.4063 0.9998
3 249 67 -0.4061 0.9999
4 232 64 -0.3957 0.9999
5 230 63 -0.3959 0.9998
6 229 63 -0.3957 0.9999
7 257 72 -0.2795 0.9998
8 231 67 -0.2327 0.9993
9 237 82 -0.3757 0.9997
10 229 81 -0.3618 0.9997
11 281 106 -0.2285 0.9982
12 211 112 -0.1290 0.9900
13 319 146 -0.2418 0.9971
14 176 153 -0.3153 0.9867
15 320 190 -0.3307 0.9926
16 214 105 -0.6163 0.9740
17 324 208 -0.3553 0.9759
18 221 92 -0.6730 0.9253
19 312 209 -0.3777 0.9753
20 224 89 -0.6285 0.9098
21 309 204 -0.3356 0.9729
22 224 94 -0.6026 0.8876
23 272 201 -0.0315 0.9893
24 229 200 0.0314 0.9921
25 318 178 -0.3729 0.9079
26 182 171 -0.3642 0.9550
27 240 231 -0.3509 0.7078
28 254 234 -0.3710 0.8425
29 234 233 -0.3429 0.6732
30 265 238 -0.3628 0.8356
31 216 245 -0.4471 0.7410
32 269 253 -0.4454 0.8319
