0 231 79 -0.3372 0.9999
1 234 73 -0.3272 0.9997
2 236 72 -0.3273 0.9996
3 238 71 -0.3274 0.9994
4 227 73 -0.3260 0.9997
5 225 73 -0.3262 0.9997
6 223 73 -0.3263 0.9998
7 242 70 -0.2261 0.9992
8 220 71 -0.2220 0.9998
9 235 83 -0.2952 1.0000
10 227 83 -0.2944 1.0000
11 257 91 -0.1485 0.9999
12 205 92 -0.1388 1.0000
13 264 138 -0.2196 0.9730
14 193 137 -0.2050 0.9883
15 245 136 -0.3824 0.8851
16 206 132 -0.3743 0.9574
17 236 139 -0.4191 0.8362
18 212 134 -0.4094 0.9167
19 234 134 -0.4170 0.8211
20 212 129 -0.4105 0.9076
21 237 133 -0.3832 0.7517
22 211 127 -0.3761 0.8678
23 246 145 -0.0021 0.9997
24 218 145 0.0023 0.9997
25 243 152 -0.3031 0.9676
26 215 157 -0.2813 0.9291
27 245 209 -0.2162 0.9490
28 211 211 -0.1858 0.9637
29 243 215 -0.2129 0.8539
30 214 219 -0.1824 0.8900
31 243 227 -0.3495 0.9455
32 206 230 -0.3269 0.9603
