0 122 47 -0.1347 0.9997
1 119 37 -0.1044 0.9998
2 118 37 -0.1048 0.9998
3 118 37 -0.1051 0.9999
4 116 37 -0.2037 0.9998
5 114 37 -0.2039 0.9998
6 111 37 -0.2039 0.9998
7 105 41 0.0711 0.9999
8 98 41 -0.3756 0.9997
9 119 56 -0.0584 0.9998
10 116 56 -0.1882 0.9998
11 85 85 0.3373 0.9995
12 74 85 -0.5453 0.9998
13 90 145 0.5074 0.2610
14 92 153 -0.5316 0.9536
15 144 159 0.3333 0.4066
16 147 153 -0.2802 0.9356
17 156 169 0.3265 0.4078
18 158 167 -0.3349 0.9197
19 157 167 0.2329 0.4359
20 161 161 -0.3207 0.9190
21 153 163 0.2857 0.4429
22 158 157 -0.2695 0.8869
23 49 174 0.2766 0.9963
24 40 186 -0.2760 0.9981
25 138 162 0.4043 0.4557
26 140 169 -0.4292 0.9817
27 178 235 0.5196 0.5442
28 184 255 -0.2585 0.9653
29 179 257 0.5265 0.5210
30 179 274 -0.2372 0.9377
31 214 242 0.4630 0.6253
32 230 271 -0.3195 0.9467
