0 69 34 -0.7829 1.0000
1 73 31 -0.7622 1.0000
2 74 31 -0.7623 1.0000
3 76 31 -0.7625 1.0000
4 68 29 -0.7667 1.0000
5 66 29 -0.7669 1.0000
6 65 28 -0.7670 1.0000
7 79 32 -0.5057 1.0000
8 62 28 -0.5297 1.0000
9 71 39 -0.6736 1.0000
10 65 37 -0.6805 1.0000
11 89 47 -0.3360 1.0000
12 47 44 -0.3852 1.0000
13 100 78 -0.3802 0.9923
14 36 73 -0.4457 0.9955
15 88 88 -0.7709 0.9811
16 50 86 -0.7817 0.9801
17 86 97 -0.8546 0.9666
18 52 95 -0.8593 0.9634
19 80 95 -0.8830 0.9662
20 57 93 -0.8755 0.9624
21 79 92 -0.7817 0.9561
22 57 90 -0.7842 0.9524
23 77 89 0.0144 0.9997
24 55 89 -0.0143 0.9998
25 107 92 -0.6562 0.9760
26 30 90 -0.7665 0.9602
27 61 106 -0.4810 0.6617
28 79 104 -0.5263 0.6522
29 57 103 -0.4432 0.7077
30 83 101 -0.4764 0.6451
31 45 108 -0.5921 0.6917
32 97 106 -0.6131 0.6747
