0 193 42 -0.1561 1.0000
1 196 37 -0.1291 1.0000
2 198 37 -0.1291 1.0000
3 200 37 -0.1291 1.0000
4 189 37 -0.1189 1.0000
5 187 37 -0.1190 1.0000
6 185 37 -0.1191 1.0000
7 202 39 0.0221 1.0000
8 182 40 0.0702 1.0000
9 197 47 -0.0998 1.0000
10 189 48 -0.0853 1.0000
11 214 68 -0.0668 1.0000
12 169 72 0.2700 0.9999
13 218 109 -0.2390 0.9881
14 148 106 0.2748 0.8013
15 193 125 -0.4804 0.9728
16 115 117 0.0125 0.8563
17 188 136 -0.5494 0.9585
18 107 126 -0.0465 0.8312
19 181 133 -0.5824 0.9613
20 109 125 -0.1146 0.8513
21 181 131 -0.4975 0.9608
22 112 122 -0.0263 0.8579
23 198 150 -0.1745 0.9996
24 172 147 0.1747 0.9996
25 136 142 -0.4317 0.9934
26 135 152 -0.1876 0.9678
27 87 202 -0.5017 0.9947
28 123 229 -0.2894 0.9442
29 89 226 -0.5098 0.9815
30 128 239 -0.3069 0.9168
31 49 222 -0.6769 0.9903
32 103 255 -0.4713 0.9265
