0 107 28 -0.0745 0.9990
1 112 22 -0.1386 0.9990
2 113 22 -0.1386 0.9988
3 114 22 -0.1388 0.9993
4 111 22 -0.0309 0.9991
5 112 22 -0.0310 0.9990
6 113 22 -0.0313 0.9994
7 123 27 -0.3192 0.9985
8 121 26 0.1486 0.9993
9 109 36 -0.1394 0.9991
10 109 36 -0.0015 0.9982
11 131 65 -0.6142 0.9995
12 132 64 0.4620 0.9942
13 115 122 -0.6102 0.9237
14 114 117 0.5654 0.0367
15 79 150 -0.3155 0.7978
16 80 144 0.4564 0.0204
17 73 158 -0.3632 0.7330
18 75 150 0.4609 0.0224
19 69 153 -0.3352 0.7238
20 71 149 0.3907 0.0210
21 71 151 -0.2945 0.6819
22 75 148 0.4162 0.0233
23 131 151 -0.3301 0.9993
24 124 146 0.3298 0.9984
25 48 170 -0.4150 0.9480
26 48 166 0.1476 0.3568
27 43 245 -0.1539 0.9563
28 41 236 0.4014 0.3426
29 50 259 -0.1205 0.9404
30 47 251 0.4198 0.3957
31 11 254 -0.1709 0.9408
32 11 245 0.3356 0.3664
