0 33 42 -0.5606 0.9999
1 36 36 -0.4471 0.9999
2 38 36 -0.4473 0.9999
3 40 36 -0.4477 0.9999
4 29 36 -0.4597 0.9999
5 27 36 -0.4599 0.9999
6 24 36 -0.4600 0.9999
7 43 39 0.1551 0.9999
8 19 38 0.0884 0.9999
9 36 48 -0.3313 0.9999
10 28 47 -0.3534 0.9999
11 59 71 0.2975 0.9998
12 4 70 0.3261 0.9994
13 67 113 -0.2533 0.8824
14 -2 110 -0.1829 0.6636
15 34 112 -0.8017 0.7643
16 19 101 -0.8470 0.3931
17 24 114 -0.9059 0.7201
18 25 103 -0.9851 0.4065
19 22 107 -0.8458 0.7020
20 27 98 -0.9337 0.3888
21 25 105 -0.7761 0.6569
22 26 98 -0.8339 0.3714
23 53 138 -0.0262 1.0000
24 21 140 0.0287 0.9998
25 69 151 -1.5318 0.9963
26 9 98 -1.7451 0.9910
27 63 233 -1.6811 0.9892
28 75 138 -1.7447 0.9717
29 56 242 -1.7048 0.9651
30 85 142 -1.7289 0.9670
31 68 258 -2.4368 0.9860
32 105 147 -2.2778 0.9699
