0 171 55 -0.3220 0.9999
1 171 47 -0.3535 0.9999
2 173 46 -0.3536 0.9999
3 175 44 -0.3536 0.9999
4 169 48 -0.2946 0.9999
5 168 48 -0.2945 0.9998
6 168 48 -0.2945 0.9999
7 185 40 -0.3896 0.9999
8 179 42 -0.1223 0.9998
9 180 58 -0.3285 0.9999
10 176 60 -0.2510 0.9999
11 215 71 -0.5086 1.0000
12 201 73 0.1229 0.9997
13 181 127 -0.5891 0.9924
14 180 128 0.2005 0.1810
15 140 176 -0.5889 0.9891
16 144 168 0.0972 0.3106
17 130 186 -0.6569 0.9825
18 137 177 0.0969 0.3491
19 128 186 -0.6324 0.9817
20 135 178 0.0276 0.3606
21 131 185 -0.5770 0.9656
22 137 177 0.0643 0.3573
23 250 169 -0.1687 0.9999
24 229 165 0.1684 0.9999
25 298 208 -0.3192 0.9391
26 157 195 0.0808 0.9036
27 313 168 -0.0214 0.7497
28 220 211 0.1008 0.7980
29 315 158 0.0173 0.7081
30 229 208 0.1106 0.8465
31 308 167 0.0402 0.7178
32 230 221 0.1235 0.7756
