0 45 16 -0.4656 0.9993
1 49 12 -0.4219 0.9990
2 51 12 -0.4223 0.9991
3 53 12 -0.4227 0.9992
4 44 11 -0.4181 0.9983
5 42 11 -0.4181 0.9981
6 40 11 -0.4181 0.9985
7 56 15 -0.1379 0.9990
8 37 14 -0.1227 0.9979
9 48 22 -0.3541 0.9997
10 42 21 -0.3504 0.9997
11 67 36 -0.0058 0.9994
12 26 39 0.0684 0.9993
13 62 67 -0.1104 0.8608
14 29 70 0.1761 0.3590
15 39 71 -0.2866 0.5119
16 40 77 0.0576 0.1340
17 34 75 -0.3532 0.4590
18 42 82 0.0100 0.1612
19 33 73 -0.3297 0.4609
20 39 78 -0.0357 0.1730
21 35 69 -0.2790 0.4300
22 42 77 0.0366 0.2041
23 58 89 0.0569 0.9967
24 34 94 -0.0556 0.9930
25 68 89 -0.8491 0.9076
26 61 81 -1.1566 0.9375
27 90 130 -0.7147 0.8136
28 87 127 -0.9142 0.7528
29 88 133 -0.7042 0.7253
30 89 130 -0.8846 0.7822
31 96 158 -1.0588 0.7805
32 111 145 -1.2076 0.6928
