0 165 34 -0.1286 1.0000
1 168 27 -0.0899 1.0000
2 171 27 -0.0897 1.0000
3 172 26 -0.0897 1.0000
4 161 28 -0.0785 1.0000
5 159 29 -0.0785 1.0000
6 157 29 -0.0787 1.0000
7 176 28 0.1021 1.0000
8 156 32 0.1619 1.0000
9 171 38 -0.0565 1.0000
10 163 40 -0.0393 1.0000
11 203 58 0.1373 1.0000
12 146 68 0.2763 0.9999
13 230 94 -0.1005 0.9922
14 135 110 0.1227 0.9656
15 210 91 -0.4752 0.9447
16 167 116 -0.2221 0.9166
17 206 99 -0.5585 0.8944
18 182 117 -0.3096 0.8582
19 200 97 -0.5546 0.8983
20 187 111 -0.3000 0.8464
21 200 95 -0.4802 0.8934
22 184 109 -0.2234 0.8121
23 184 137 -0.1726 0.9990
24 159 135 0.1730 0.9996
25 119 122 -0.4372 0.9898
26 106 152 -0.2645 0.9946
27 57 180 -0.5535 0.9960
28 114 234 -0.4116 0.9840
29 54 196 -0.5675 0.9922
30 123 245 -0.4311 0.9806
31 15 173 -0.7551 0.9927
32 92 260 -0.6168 0.9653
