0 212 55 -0.3631 1.0000
1 214 50 -0.3494 1.0000
2 216 50 -0.3495 1.0000
3 217 50 -0.3495 1.0000
4 209 50 -0.3509 1.0000
5 206 50 -0.3510 1.0000
6 204 50 -0.3510 1.0000
7 219 51 -0.2450 0.9999
8 200 51 -0.2537 1.0000
9 214 60 -0.3214 1.0000
10 208 60 -0.3239 1.0000
11 229 74 -0.1949 0.9994
12 185 73 -0.2052 0.9991
13 227 109 -0.2125 0.9104
14 181 111 -0.2273 0.9754
15 215 140 -0.3099 0.8645
16 188 143 -0.3049 0.9196
17 216 149 -0.3431 0.8383
18 188 152 -0.3370 0.8861
19 210 149 -0.3593 0.8446
20 193 152 -0.3520 0.8929
21 209 147 -0.3176 0.8491
22 194 148 -0.3115 0.8901
23 217 127 -0.0052 0.9997
24 194 129 0.0051 0.9993
25 247 126 -0.2979 0.9446
26 158 127 -0.2568 0.9462
27 200 146 -0.1831 0.6267
28 205 146 -0.1555 0.6220
29 195 145 -0.1660 0.5831
30 207 145 -0.1388 0.4880
31 183 148 -0.2260 0.7352
32 223 153 -0.1917 0.6512
