0 226 109 -0.0064 0.9990
1 226 104 -0.0278 0.9994
2 226 104 -0.0277 0.9995
3 226 104 -0.0278 0.9996
4 226 104 0.0015 0.9991
5 226 104 0.0015 0.9990
6 226 103 0.0015 0.9992
7 231 102 -0.0797 0.9993
8 232 103 0.0526 0.9987
9 230 111 -0.0230 0.9983
10 230 111 0.0153 0.9973
11 250 119 -0.1373 0.9997
12 243 122 0.1432 0.9946
13 232 145 -0.1448 0.8944
14 232 146 0.2318 0.1217
15 229 112 -0.0106 0.8087
16 229 117 0.2634 0.1071
17 228 107 -0.0055 0.7516
18 228 113 0.2734 0.1059
19 232 105 -0.0107 0.7396
20 228 110 0.2816 0.0976
21 233 108 -0.0084 0.6984
22 229 113 0.2655 0.0926
23 265 184 -0.1005 0.9986
24 257 184 0.1007 0.9975
25 213 193 -0.1671 0.9624
26 210 189 0.0630 0.6741
27 212 246 -0.1626 0.9701
28 203 240 0.0439 0.6741
29 215 258 -0.1607 0.9294
30 208 251 0.0399 0.7139
31 179 254 -0.1995 0.9701
32 176 250 0.0137 0.7864
