0 205 157 0.0055 0.9986
1 205 154 -0.0034 0.9990
2 205 154 -0.0034 0.9990
3 206 153 -0.0034 0.9992
4 205 154 0.0125 0.9990
5 205 154 0.0125 0.9988
6 205 154 0.0125 0.9991
7 209 152 -0.0196 0.9983
8 208 153 0.0533 0.9995
9 207 157 0.0005 0.9985
10 207 157 0.0216 0.9981
11 218 159 -0.0512 0.9998
12 212 163 0.0910 0.9991
13 224 158 -0.1751 0.9691
14 208 176 0.1604 0.1680
15 216 150 -0.2556 0.9004
16 201 182 0.1928 0.2488
17 217 151 -0.2735 0.8544
18 199 184 0.2031 0.2520
19 216 151 -0.2638 0.8375
20 198 183 0.1904 0.2648
21 216 152 -0.2539 0.7834
22 199 183 0.1882 0.2722
23 216 192 -0.0528 0.9997
24 212 191 0.0528 0.9992
25 193 193 -0.1078 0.9783
26 190 193 -0.0091 0.7825
27 193 220 -0.1192 0.9722
28 186 218 -0.0381 0.6606
29 196 226 -0.1195 0.9613
30 187 222 -0.0421 0.7215
31 183 225 -0.1519 0.9621
32 174 221 -0.0722 0.7582
