0 211 160 -0.0191 0.9974
1 211 158 -0.0318 0.9978
2 211 158 -0.0318 0.9976
3 212 158 -0.0318 0.9978
4 211 158 -0.0156 0.9974
5 212 158 -0.0156 0.9976
6 212 158 -0.0157 0.9979
7 214 158 -0.0635 0.9963
8 214 157 0.0091 0.9954
9 213 161 -0.0294 0.9970
10 213 161 -0.0084 0.9959
11 220 166 -0.0983 0.9998
12 221 163 0.0563 0.9994
13 209 179 -0.0825 0.9306
14 215 177 0.1120 0.0396
15 198 176 -0.0048 0.8349
16 207 179 0.1201 0.0814
17 195 177 -0.0062 0.7790
18 205 180 0.1274 0.1227
19 196 175 -0.0040 0.7812
20 204 179 0.1147 0.1266
21 197 175 -0.0012 0.7193
22 205 179 0.1150 0.1254
23 220 194 -0.0534 0.9997
24 217 192 0.0533 0.9997
25 199 184 -0.0986 0.9818
26 200 181 0.0211 0.6374
27 194 211 -0.0477 0.9837
28 190 206 0.0241 0.8648
29 199 213 -0.0408 0.9687
30 191 210 0.0231 0.8377
31 188 220 -0.0419 0.9821
32 177 211 0.0100 0.8897
