0 99 49 -0.8786 0.9997
1 97 41 -0.7704 0.9997
2 98 40 -0.7708 0.9995
3 98 40 -0.7713 0.9995
4 92 42 -0.8538 0.9997
5 88 42 -0.8540 0.9996
6 84 43 -0.8541 0.9998
7 90 44 -0.2888 0.9994
8 72 48 -0.6545 0.9998
9 100 57 -0.7011 0.9990
10 93 58 -0.8060 0.9997
11 84 94 0.2961 0.9975
12 54 96 -0.8904 0.9992
13 78 152 0.4787 0.0715
14 36 165 -0.8529 0.9570
15 111 183 0.1900 0.0563
16 92 182 -0.4614 0.6903
17 121 193 0.1345 0.0680
18 109 188 -0.5199 0.5568
19 124 189 0.0657 0.0700
20 113 183 -0.5041 0.5741
21 120 185 0.1408 0.0804
22 106 180 -0.4411 0.5972
23 56 194 0.4086 0.9966
24 36 200 -0.4087 0.9932
25 136 197 0.2691 0.1430
26 131 204 -0.6142 0.8016
27 134 295 0.4332 0.1193
28 124 295 -0.0443 0.3915
29 120 308 0.4349 0.1674
30 106 305 0.0351 0.4356
31 167 323 0.3329 0.1387
32 153 329 0.1121 0.4163
