0 204 86 0.0473 1.0000
1 202 81 0.0705 1.0000
2 204 81 0.0705 1.0000
3 205 81 0.0705 1.0000
4 197 84 0.0830 1.0000
5 195 85 0.0830 1.0000
6 193 87 0.0829 1.0000
7 207 84 0.1728 1.0000
8 189 92 0.2380 1.0000
9 209 92 0.0810 1.0000
10 202 94 0.0988 0.9999
11 233 120 0.0962 0.9999
12 179 123 0.2813 0.9989
13 241 154 -0.1089 0.9870
14 140 140 0.0785 0.9921
15 209 159 -0.2703 0.9933
16 149 95 -0.1801 0.9968
17 201 169 -0.3072 0.9820
18 154 85 -0.2282 0.9919
19 195 167 -0.3004 0.9816
20 157 85 -0.2120 0.9903
21 197 164 -0.2674 0.9804
22 157 88 -0.1816 0.9901
23 214 200 -0.0806 0.9996
24 184 198 0.0802 0.9997
25 223 153 -0.3245 0.9865
26 137 151 -0.1358 0.9739
27 205 229 -0.3610 0.9632
28 156 230 -0.2230 0.9166
29 204 242 -0.3603 0.9797
30 166 242 -0.2318 0.9165
31 196 254 -0.4448 0.9416
32 134 255 -0.3158 0.7899
