0 211 157 0.0007 0.9983
1 211 154 -0.0109 0.9992
2 212 154 -0.0109 0.9993
3 212 153 -0.0109 0.9994
4 211 154 0.0064 0.9991
5 211 154 0.0064 0.9990
6 212 153 0.0064 0.9993
7 214 153 -0.0372 0.9989
8 214 153 0.0413 0.9996
9 213 157 -0.0078 0.9982
10 213 157 0.0151 0.9973
11 222 161 -0.0786 0.9995
12 218 161 0.0860 0.9977
13 223 161 -0.2119 0.9343
14 213 164 0.1918 0.1415
15 219 154 -0.3054 0.8644
16 207 159 0.2716 0.3064
17 219 152 -0.3249 0.8511
18 206 157 0.2902 0.3393
19 219 152 -0.3181 0.8396
20 206 157 0.2829 0.3480
21 218 153 -0.3049 0.7779
22 206 157 0.2702 0.3534
23 221 193 -0.0574 0.9997
24 218 192 0.0574 0.9992
25 196 196 -0.0964 0.9797
26 196 192 0.0217 0.7459
27 197 222 -0.0951 0.9843
28 194 216 0.0246 0.5903
29 200 226 -0.0942 0.9785
30 196 220 0.0236 0.6411
31 186 226 -0.1179 0.9713
32 182 221 0.0038 0.6280
