0 226 110 -0.0522 0.9992
1 239 104 -0.0318 0.9996
2 236 104 -0.0321 0.9995
3 232 104 -0.0324 0.9996
4 229 103 -0.0393 0.9995
5 233 104 -0.0393 0.9994
6 213 102 -0.0394 0.9995
7 237 111 0.0926 0.9994
8 226 108 0.0627 0.9993
9 240 116 -0.0011 0.9990
10 231 116 -0.0105 0.9995
11 250 135 0.1553 0.9999
12 207 136 0.1260 0.9999
13 261 175 0.1464 0.1519
14 194 171 0.0927 0.0579
15 274 182 0.0635 0.0576
16 185 172 -0.0374 0.0443
17 285 187 0.0467 0.0752
18 184 175 -0.0602 0.0707
19 285 184 0.0312 0.0779
20 183 170 -0.0727 0.0749
21 278 183 0.0539 0.0689
22 184 169 -0.0459 0.0716
23 244 213 0.0055 0.9998
24 219 209 -0.0054 0.9997
25 318 221 -0.2082 0.9780
26 223 188 -0.2622 0.9320
27 368 223 -0.3829 0.9771
28 195 205 -0.3926 0.9542
29 374 227 -0.3995 0.9500
30 191 213 -0.4026 0.9190
31 383 211 -0.5133 0.9560
32 185 192 -0.5150 0.9324
