0 167 138 -0.6018 1.0000
1 170 133 -0.5959 1.0000
2 171 133 -0.5959 1.0000
3 173 133 -0.5960 1.0000
4 165 133 -0.6045 1.0000
5 163 132 -0.6046 1.0000
6 161 131 -0.6046 1.0000
7 174 131 -0.4535 1.0000
8 158 128 -0.4945 1.0000
9 168 141 -0.5379 1.0000
10 163 140 -0.5503 1.0000
11 183 140 -0.2937 1.0000
12 137 130 -0.3455 1.0000
13 192 176 -0.4813 0.9631
14 129 167 -0.4632 0.9987
15 176 160 -0.7513 0.9690
16 155 158 -0.6123 0.9948
17 171 157 -0.8093 0.9192
18 163 155 -0.6520 0.9751
19 172 150 -0.7835 0.8937
20 164 149 -0.6216 0.9629
21 171 152 -0.7467 0.7802
22 162 150 -0.5979 0.9176
23 172 177 0.0256 0.9999
24 147 176 -0.0253 0.9999
25 190 177 -0.4070 0.9804
26 140 176 -0.5304 0.9944
27 185 232 -0.2940 0.9627
28 145 231 -0.3783 0.9963
29 180 240 -0.2933 0.9464
30 146 239 -0.3718 0.9821
31 194 247 -0.4696 0.9852
32 150 249 -0.5578 0.9951
