0 150 45 0.1720 0.9991
1 154 41 0.1089 0.9995
2 155 41 0.1089 0.9995
3 155 41 0.1088 0.9996
4 154 40 0.1712 0.9996
5 155 40 0.1713 0.9996
6 156 40 0.1714 0.9996
7 160 44 -0.0755 0.9995
8 163 44 0.2002 0.9996
9 152 50 0.1097 0.9988
10 152 50 0.1899 0.9979
11 155 78 -0.3215 0.9999
12 182 76 0.3778 0.9972
13 138 122 -0.2482 0.9727
14 192 109 0.6014 0.1048
15 117 124 0.2233 0.5538
16 178 107 0.8147 0.0121
17 108 124 0.2584 0.3978
18 176 104 0.8607 0.0134
19 109 120 0.2615 0.3836
20 172 100 0.8625 0.0118
21 112 120 0.2416 0.3539
22 173 101 0.8153 0.0122
23 141 146 -0.2639 0.9998
24 144 141 0.2631 0.9995
25 76 136 -0.3147 0.9868
26 76 130 0.1755 0.4802
27 57 203 -0.1947 0.9800
28 51 182 0.3050 0.4878
29 62 214 -0.1710 0.9556
30 52 193 0.3121 0.5180
31 24 208 -0.1648 0.9723
32 23 194 0.2928 0.4724
