0 102 45 -0.2884 0.9987
1 101 39 -0.2410 0.9991
2 101 39 -0.2414 0.9993
3 101 39 -0.2417 0.9993
4 100 39 -0.3504 0.9988
5 99 38 -0.3506 0.9987
6 97 37 -0.3506 0.9987
7 91 36 0.0073 0.9993
8 86 33 -0.4817 0.9987
9 95 51 -0.1885 0.9993
10 93 49 -0.3306 0.9996
11 78 72 0.3008 0.9996
12 45 63 -0.6721 0.9999
13 82 123 0.1971 0.1751
14 46 122 -0.7065 0.9700
15 107 132 -0.3991 0.1466
16 97 126 -0.5290 0.8984
17 117 137 -0.4883 0.1746
18 110 132 -0.6005 0.8722
19 121 127 -0.5397 0.1789
20 113 122 -0.5768 0.8715
21 117 124 -0.4431 0.1792
22 109 120 -0.5092 0.8176
23 54 153 0.2992 0.9991
24 30 158 -0.2985 0.9988
25 136 153 -0.0104 0.7395
26 109 158 -0.6816 0.9917
27 137 235 -0.1052 0.8522
28 115 245 -0.5495 0.9821
29 130 248 -0.1246 0.7929
30 108 258 -0.5275 0.9585
31 169 247 -0.3453 0.8627
32 146 261 -0.6764 0.9731
