0 63 13 -0.6781 1.0000
1 63 10 -0.6254 1.0000
2 64 10 -0.6255 1.0000
3 64 10 -0.6258 1.0000
4 60 10 -0.6441 1.0000
5 58 10 -0.6442 1.0000
6 57 10 -0.6442 1.0000
7 64 11 -0.3442 1.0000
8 53 11 -0.4306 1.0000
9 64 17 -0.5728 1.0000
10 60 17 -0.5978 1.0000
11 74 33 -0.1011 1.0000
12 39 33 -0.3187 1.0000
13 88 55 -0.0003 0.9943
14 25 57 -0.3249 0.9987
15 84 74 -0.2678 0.9706
16 43 73 -0.5084 0.9762
17 82 79 -0.3611 0.9305
18 47 78 -0.5944 0.9453
19 79 77 -0.4056 0.9338
20 51 75 -0.6141 0.9463
21 78 75 -0.2923 0.9245
22 49 74 -0.5159 0.9328
23 68 77 0.1110 0.9980
24 48 78 -0.1100 0.9951
25 95 98 -0.6124 0.9310
26 60 99 -0.7202 0.9563
27 89 133 -0.2300 0.6416
28 56 137 -0.4609 0.6845
29 84 136 -0.2017 0.6124
30 52 140 -0.4409 0.4515
31 99 148 -0.4352 0.4605
32 61 156 -0.7426 0.5007
