0 241 77 -0.1284 1.0000
1 245 72 -0.1063 1.0000
2 246 72 -0.1063 0.9999
3 248 72 -0.1065 0.9999
4 239 71 -0.1054 1.0000
5 237 71 -0.1054 0.9999
6 236 70 -0.1053 0.9999
7 250 73 0.0363 1.0000
8 232 70 0.0431 1.0000
9 244 82 -0.0716 0.9999
10 237 82 -0.0700 0.9999
11 262 95 0.0980 1.0000
12 213 92 0.1301 0.9999
13 261 132 0.0016 0.9819
14 199 131 -0.0022 0.8904
15 234 127 -0.2043 0.9668
16 214 123 -0.2712 0.8556
17 226 124 -0.2597 0.9267
18 217 121 -0.3292 0.7833
19 226 119 -0.2536 0.9220
20 218 116 -0.3272 0.7578
21 228 120 -0.2048 0.8700
22 219 116 -0.2765 0.6721
23 242 151 -0.0094 0.9994
24 209 147 0.0096 0.9995
25 285 168 -0.3807 0.9865
26 150 163 -0.3247 0.9923
27 269 238 -0.2385 0.9717
28 159 229 -0.1805 0.9838
29 261 248 -0.2282 0.9516
30 165 239 -0.1710 0.9481
31 293 257 -0.3695 0.9264
32 131 244 -0.3044 0.9052
