0 261 36 -0.3677 1.0000
1 266 33 -0.3520 1.0000
2 268 33 -0.3519 1.0000
3 270 33 -0.3519 1.0000
4 259 32 -0.3438 1.0000
5 258 32 -0.3437 1.0000
6 256 32 -0.3437 1.0000
7 275 36 -0.2329 1.0000
8 255 34 -0.1995 1.0000
9 265 43 -0.3218 1.0000
10 257 42 -0.3118 1.0000
11 283 61 -0.1602 0.9998
12 244 56 -0.0891 0.9999
13 291 86 -0.3370 0.9832
14 226 72 -0.1976 0.9273
15 297 64 -0.5730 0.9513
16 223 63 -0.4625 0.9590
17 296 57 -0.6069 0.8979
18 219 61 -0.4980 0.9269
19 298 56 -0.5817 0.8837
20 221 59 -0.4916 0.9158
21 296 59 -0.5669 0.8671
22 223 60 -0.4666 0.9058
23 267 109 -0.0252 0.9997
24 243 105 0.0253 0.9996
25 263 135 -0.2921 0.3436
26 222 128 -0.2270 0.3733
27 252 165 -0.0505 0.3714
28 223 161 0.0161 0.4388
29 248 169 -0.0310 0.5881
30 227 167 0.0348 0.5626
31 255 180 -0.1143 0.3886
32 211 175 -0.0567 0.4231
