0 110 32 -1.1090 0.9996
1 116 26 -1.0348 0.9992
2 119 26 -1.0354 0.9992
3 121 26 -1.0357 0.9990
4 106 26 -1.0338 0.9994
5 104 26 -1.0338 0.9995
6 102 27 -1.0347 0.9995
7 124 29 -0.5731 0.9989
8 100 30 -0.5593 0.9997
9 116 39 -0.9273 0.9995
10 105 39 -0.9241 0.9997
11 142 69 -0.2542 0.9879
12 83 71 -0.2495 0.9982
13 143 118 -0.1944 0.4308
14 76 113 -0.1967 0.5928
15 125 142 -0.6068 0.1480
16 69 140 -0.7484 0.3458
17 121 152 -0.7482 0.1707
18 69 150 -0.9008 0.3546
19 118 147 -0.7949 0.2194
20 73 145 -0.9974 0.4309
21 117 142 -0.6414 0.2068
22 75 141 -0.8038 0.4167
23 126 152 -0.0453 0.0832
24 89 150 0.0488 0.1525
25 126 203 -0.3193 0.0758
26 91 204 -0.4222 0.0416
27 120 262 0.2595 0.0076
28 90 266 0.0235 0.0064
29 121 272 0.2796 0.0052
30 90 276 0.0431 0.0107
31 113 280 -0.2695 0.0065
32 86 283 -0.5693 0.0130
