0 68 56 -0.7631 1.0000
1 68 49 -0.7159 0.9999
2 68 49 -0.7159 0.9999
3 69 49 -0.7161 0.9999
4 63 50 -0.7545 0.9999
5 60 50 -0.7547 0.9999
6 57 50 -0.7548 0.9999
7 64 51 -0.3804 0.9999
8 46 52 -0.5637 1.0000
9 68 63 -0.6273 1.0000
10 63 65 -0.6811 1.0000
11 84 80 -0.2610 1.0000
12 15 81 -0.3610 0.9999
13 99 125 -0.4248 0.9711
14 3 120 -0.5574 0.9700
15 68 142 -0.8377 0.9634
16 25 141 -0.9508 0.8990
17 60 153 -0.9531 0.9450
18 32 152 -1.0617 0.8592
19 54 146 -0.9621 0.9411
20 39 146 -1.0883 0.8550
21 55 142 -0.8446 0.9167
22 38 142 -0.9655 0.8241
23 74 160 -0.0014 0.9995
24 37 163 0.0024 0.9993
25 98 147 -1.0330 0.9923
26 2 148 -0.9812 0.9810
27 98 228 -0.8841 0.9834
28 31 222 -0.6618 0.9662
29 94 241 -0.8823 0.9426
30 42 232 -0.6390 0.9525
31 106 251 -1.2763 0.9719
32 15 245 -0.9562 0.9561
