0 249 104 0.2437 0.9996
1 258 103 0.2513 0.9994
2 260 106 0.2511 0.9996
3 262 108 0.2510 0.9996
4 252 101 0.2753 0.9994
5 250 101 0.2752 0.9996
6 246 101 0.2748 0.9996
7 261 123 0.2501 0.9996
8 240 114 0.3628 0.9996
9 246 115 0.2401 0.9959
10 236 111 0.2698 0.9947
11 254 162 0.1328 0.9954
12 179 161 0.3314 0.9824
13 314 118 0.1045 0.8615
14 217 149 0.6315 0.4448
15 403 58 0.1409 0.8099
16 272 64 1.0580 0.7309
17 422 54 0.1353 0.6932
18 302 57 1.1097 0.6454
19 424 54 0.1130 0.7165
20 306 56 1.1194 0.6493
21 415 57 0.1296 0.7604
22 299 65 1.0699 0.6450
23 218 297 -0.0814 0.9953
24 169 289 0.0817 0.9968
25 227 397 -0.0717 0.2170
26 167 404 0.1695 0.1880
27 199 501 0.2272 0.0040
28 135 517 0.3087 0.0175
29 200 512 0.2587 0.0124
30 133 532 0.3175 0.0192
31 178 541 0.0893 0.0092
32 123 554 0.1103 0.0089
