0 193 52 -0.3847 1.0000
1 195 47 -0.3698 1.0000
2 196 47 -0.3698 1.0000
3 198 47 -0.3698 1.0000
4 190 47 -0.3711 1.0000
5 187 47 -0.3712 1.0000
6 185 47 -0.3713 1.0000
7 199 49 -0.2598 1.0000
8 181 48 -0.2690 1.0000
9 194 56 -0.3413 1.0000
10 189 56 -0.3440 1.0000
11 208 70 -0.2113 0.9997
12 167 69 -0.2201 0.9994
13 207 103 -0.2227 0.9354
14 163 105 -0.2445 0.9817
15 196 132 -0.3250 0.9153
16 171 134 -0.3263 0.9405
17 196 140 -0.3608 0.8953
18 170 143 -0.3602 0.9141
19 192 140 -0.3788 0.9001
20 175 142 -0.3744 0.9198
21 191 138 -0.3333 0.9043
22 176 139 -0.3322 0.9197
23 196 119 -0.0066 0.9998
24 174 120 0.0064 0.9995
25 226 118 -0.3173 0.9547
26 142 120 -0.2719 0.9538
27 181 137 -0.1812 0.6575
28 184 139 -0.1505 0.6251
29 177 137 -0.1614 0.6035
30 191 136 -0.1309 0.4772
31 166 139 -0.2212 0.7411
32 203 145 -0.1821 0.6518
