0 100 37 -0.9086 0.9999
1 106 32 -0.8446 0.9999
2 108 32 -0.8450 0.9999
3 110 33 -0.8455 0.9999
4 97 31 -0.8712 0.9998
5 95 30 -0.8713 0.9998
6 92 30 -0.8713 0.9998
7 114 36 -0.4591 0.9999
8 90 32 -0.5680 0.9998
9 104 44 -0.7580 1.0000
10 94 43 -0.7894 1.0000
11 121 72 -0.0848 0.9998
12 68 64 -0.6323 0.9996
13 122 118 -0.2433 0.7785
14 75 119 -0.7510 0.9707
15 137 146 -0.8016 0.5988
16 122 142 -0.8381 0.8631
17 145 157 -0.9285 0.6005
18 129 154 -0.9432 0.7897
19 144 154 -0.9906 0.6179
20 134 148 -0.9513 0.7951
21 140 151 -0.8443 0.6235
22 131 144 -0.8383 0.7758
23 90 141 0.2372 0.9998
24 60 139 -0.2366 0.9998
25 156 154 -0.2324 0.7993
26 110 145 -1.1232 0.9942
27 114 210 0.1971 0.8147
28 123 224 -0.8141 0.9943
29 94 214 0.2331 0.8360
30 118 241 -0.7758 0.9857
31 126 242 0.0156 0.7732
32 156 249 -1.0295 0.9890
