0 115 128 -0.6677 0.9996
1 112 117 -0.6459 0.9997
2 115 115 -0.6460 0.9998
3 118 114 -0.6464 0.9996
4 102 124 -0.6526 0.9994
5 99 127 -0.6527 0.9995
6 96 130 -0.6529 0.9992
7 123 115 -0.4322 0.9999
8 90 140 -0.4633 0.9998
9 128 134 -0.5753 0.9999
10 114 141 -0.5849 0.9999
11 160 145 -0.2518 0.9998
12 83 178 -0.2737 0.9994
13 196 221 -0.3721 0.8845
14 74 252 -0.4557 0.9762
15 185 193 -0.6947 0.9217
16 133 211 -0.7466 0.9492
17 179 194 -0.7527 0.8749
18 151 202 -0.7947 0.8819
19 177 179 -0.7304 0.8822
20 147 189 -0.7539 0.8703
21 175 179 -0.6886 0.8528
22 142 190 -0.7301 0.8409
23 190 242 -0.0229 0.9048
24 138 258 0.0239 0.9337
25 212 304 -0.4515 0.8195
26 147 326 -0.3849 0.8600
27 238 374 -0.0962 0.4032
28 204 393 -0.1202 0.4898
29 240 383 -0.0687 0.5246
30 214 400 -0.0991 0.4931
31 252 405 -0.2618 0.2288
32 218 427 -0.3108 0.2727
