0 131 79 -0.4241 1.0000
1 135 72 -0.3990 1.0000
2 137 72 -0.3991 1.0000
3 140 71 -0.3992 1.0000
4 126 72 -0.4016 1.0000
5 124 72 -0.4017 1.0000
6 122 72 -0.4017 1.0000
7 143 73 -0.2292 1.0000
8 119 74 -0.2410 1.0000
9 136 85 -0.3590 1.0000
10 126 86 -0.3626 1.0000
11 166 112 -0.1602 0.9988
12 100 115 -0.1624 0.9997
13 176 170 -0.3979 0.9669
14 93 179 -0.3743 0.9882
15 175 132 -0.7835 0.9710
16 92 145 -0.7607 0.9929
17 174 123 -0.8414 0.9573
18 91 137 -0.8185 0.9893
19 173 117 -0.8225 0.9530
20 91 131 -0.8060 0.9876
21 173 120 -0.7824 0.9307
22 92 133 -0.7610 0.9805
23 153 198 -0.0026 0.9994
24 116 198 0.0025 0.9995
25 200 199 -0.5510 0.9862
26 61 198 -0.5141 0.9820
27 121 229 -0.3831 0.8070
28 153 235 -0.3629 0.9049
29 116 228 -0.3574 0.7928
30 157 232 -0.3384 0.8231
31 91 234 -0.4740 0.8643
32 191 237 -0.4557 0.9016
