0 39 31 -0.7972 0.9930
1 43 28 -0.8161 0.9872
2 45 29 -0.8164 0.9898
3 46 29 -0.8167 0.9883
4 41 27 -0.7489 0.9876
5 41 27 -0.7491 0.9894
6 39 28 -0.7498 0.9884
7 52 32 -0.7173 0.9918
8 43 30 -0.4177 0.9881
9 42 36 -0.7443 0.9939
10 39 34 -0.6581 0.9922
11 66 54 -0.6958 0.9990
12 35 53 -0.0453 0.9992
13 79 87 -0.7505 0.9433
14 39 82 0.1418 0.5516
15 71 115 -1.0311 0.8597
16 37 111 -0.1629 0.5657
17 71 124 -1.1537 0.8010
18 34 119 -0.1922 0.5262
19 67 121 -1.1738 0.8053
20 34 118 -0.3049 0.5515
21 66 118 -1.0437 0.7801
22 35 117 -0.2150 0.5497
23 68 115 -0.2021 0.8436
24 47 115 0.2029 0.8921
25 74 144 -0.4823 0.1883
26 43 148 0.0369 0.1453
27 69 187 0.0761 0.0507
28 52 193 0.3977 0.0660
29 69 193 0.1163 0.1033
30 56 199 0.4217 0.1769
31 67 202 -0.1530 0.0447
32 45 208 0.1622 0.0682
