0 157 77 -0.2715 1.0000
1 158 72 -0.2443 1.0000
2 159 72 -0.2443 1.0000
3 160 72 -0.2444 1.0000
4 153 73 -0.2543 1.0000
5 151 73 -0.2543 1.0000
6 149 73 -0.2543 1.0000
7 160 73 -0.0808 1.0000
8 144 74 -0.1244 1.0000
9 159 83 -0.2084 1.0000
10 154 83 -0.2215 1.0000
11 176 90 0.0464 1.0000
12 127 102 -0.0485 0.9999
13 205 80 0.0369 0.9906
14 122 139 -0.1677 0.9854
15 232 76 -0.0759 0.9841
16 144 153 -0.3618 0.9713
17 241 82 -0.1062 0.9652
18 148 161 -0.4041 0.9370
19 239 84 -0.1380 0.9719
20 154 157 -0.4229 0.9411
21 235 83 -0.0938 0.9694
22 153 154 -0.3697 0.9257
23 173 156 -0.0095 0.9999
24 144 159 0.0098 0.9998
25 170 168 -0.4722 0.9985
26 145 171 -0.4189 0.9937
27 182 239 -0.4739 0.9952
28 133 241 -0.3850 0.9858
29 185 249 -0.4829 0.9703
30 129 251 -0.3895 0.9665
31 163 256 -0.6842 0.9961
32 147 258 -0.5803 0.9868
