0 332 95 0.1446 0.9942
1 341 88 0.0934 0.9972
2 342 88 0.0937 0.9972
3 343 88 0.0937 0.9976
4 340 88 0.1484 0.9964
5 341 88 0.1483 0.9953
6 342 89 0.1481 0.9972
7 355 97 -0.0309 0.9973
8 352 97 0.2231 0.9993
9 332 107 0.1048 0.9916
10 331 108 0.1780 0.9873
11 361 152 -0.1120 0.9968
12 343 150 0.3353 0.9705
13 403 102 -0.2333 0.9507
14 350 117 0.6912 0.1320
15 394 135 -0.0172 0.3701
16 359 113 1.0351 0.0181
17 395 142 -0.0177 0.2657
18 361 111 1.0623 0.0197
19 388 146 -0.0080 0.2673
20 361 121 1.0747 0.0203
21 387 146 -0.0113 0.3249
22 360 122 1.0390 0.0263
23 253 280 -0.1878 0.9896
24 251 282 0.1873 0.9884
25 138 180 -0.1834 0.8793
26 141 194 0.0972 0.1789
27 97 282 -0.0250 0.6482
28 97 302 0.1760 0.0618
29 107 303 0.0036 0.7525
30 107 339 0.1812 0.1525
31 48 300 0.0948 0.5861
32 64 342 0.1702 0.0763
