0 61 52 -0.7338 1.0000
1 62 44 -0.7638 0.9999
2 65 42 -0.7640 0.9999
3 67 41 -0.7644 0.9999
4 56 47 -0.7252 0.9999
5 55 48 -0.7254 0.9999
6 53 49 -0.7259 0.9999
7 75 38 -0.7223 1.0000
8 55 48 -0.5466 0.9999
9 69 56 -0.7052 1.0000
10 62 60 -0.6540 1.0000
11 113 58 -0.6203 1.0000
12 50 76 -0.4352 0.9999
13 139 114 -0.5364 0.9980
14 36 121 -0.3359 0.9877
15 131 169 -0.5614 0.9842
16 32 165 -0.4070 0.9137
17 134 182 -0.6127 0.9656
18 26 179 -0.4231 0.8584
19 127 181 -0.6508 0.9666
20 32 179 -0.4929 0.8587
21 124 178 -0.5699 0.9614
22 36 175 -0.4360 0.8586
23 114 146 -0.0014 0.9994
24 77 146 0.0009 0.9986
25 128 210 -0.1772 0.2948
26 71 199 -0.0541 0.5258
27 122 261 0.1294 0.1276
28 71 262 0.1618 0.1977
29 120 270 0.1480 0.1319
30 72 266 0.1766 0.0974
31 132 286 -0.0202 0.1053
32 71 289 -0.0070 0.1425
