0 5 9 -1.0238 0.9224
1 5 11 -1.0656 0.9073
2 5 12 -1.0656 0.9159
3 5 12 -1.0641 0.9048
4 6 10 -0.9988 0.9130
5 5 10 -0.9978 0.9217
6 5 9 -0.9989 0.9116
7 3 12 -0.7725 0.8908
8 4 10 -0.4455 0.9349
9 3 9 -0.8248 0.7140
10 3 8 -0.7394 0.7247
11 -8 17 -0.9624 0.2270
12 -8 5 -0.1121 0.1902
13 -9 18 -1.6623 0.0685
14 -4 11 -0.4838 0.0364
15 4 11 -1.8749 0.1044
16 5 16 -0.2551 0.0549
17 5 9 -2.1374 0.1826
18 7 18 -0.3678 0.1001
19 6 9 -2.0793 0.2235
20 8 10 -0.4437 0.1246
21 5 10 -1.8829 0.2033
22 8 15 -0.3170 0.1069
23 -48 12 -0.5995 0.0009
24 -47 3 0.6111 0.0013
25 -48 7 -1.1386 0.0194
26 -38 0 -0.0889 0.0117
27 -65 7 0.8391 0.0055
28 -60 3 1.5556 0.0043
29 -69 7 0.9570 0.0053
30 -64 4 1.6597 0.0042
31 -67 6 -0.2718 0.0173
32 -64 2 0.6634 0.0123
