0 92 36 -0.4786 0.9998
1 97 32 -0.4535 0.9997
2 100 32 -0.4532 0.9995
3 102 32 -0.4532 0.9993
4 92 31 -0.4013 0.9999
5 90 31 -0.4015 0.9998
6 88 30 -0.4018 0.9999
7 108 35 -0.2251 0.9992
8 92 34 0.0206 0.9999
9 97 43 -0.3898 0.9998
10 90 42 -0.3201 0.9999
11 124 66 -0.2974 0.9813
12 76 70 0.2579 0.9999
13 107 96 -0.4462 0.7685
14 64 112 -0.1139 0.9578
15 75 104 -0.4278 0.5523
16 86 110 -0.6976 0.9166
17 68 109 -0.4939 0.4888
18 94 118 -0.8174 0.8578
19 67 107 -0.5146 0.4880
20 98 112 -0.7959 0.8415
21 70 105 -0.4308 0.4866
22 96 110 -0.6987 0.8096
23 120 150 -0.2103 0.9990
24 90 152 0.2097 0.9999
25 100 109 -1.0826 0.9977
26 38 173 -0.2128 0.9987
27 73 163 -0.6238 0.9817
28 23 242 -0.1846 0.9951
29 75 167 -0.5687 0.9754
30 29 254 -0.1913 0.9825
31 43 173 -0.7358 0.9831
32 0 256 -0.4976 0.9873
