0 168 79 -0.5392 0.9998
1 166 68 -0.4834 0.9998
2 167 68 -0.4835 0.9998
3 168 68 -0.4836 0.9998
4 159 70 -0.5347 0.9998
5 154 71 -0.5348 0.9998
6 149 73 -0.5352 0.9997
7 163 73 -0.1621 0.9998
8 134 79 -0.3871 0.9998
9 171 89 -0.4146 0.9999
10 161 92 -0.4795 0.9999
11 175 129 0.0510 0.9999
12 97 133 -0.3076 0.9997
13 204 206 -0.2546 0.9855
14 108 222 -0.5643 0.9843
15 195 148 -0.9022 0.9939
16 142 150 -0.7913 0.9951
17 188 138 -1.0074 0.9767
18 156 139 -0.8514 0.9804
19 182 127 -0.9366 0.9740
20 153 128 -0.8142 0.9773
21 181 130 -0.8908 0.9733
22 150 133 -0.7742 0.9746
23 166 249 0.0949 0.9457
24 115 253 -0.0934 0.9224
25 183 335 0.2602 0.0454
26 120 348 0.0443 0.0445
27 171 422 0.7518 0.0022
28 116 436 0.3946 0.0029
29 167 434 0.7871 0.0040
30 112 450 0.4155 0.0029
31 175 454 0.5062 0.0043
32 125 461 0.0345 0.0035
