0 89 77 -0.7887 0.9999
1 91 71 -0.7245 0.9999
2 93 72 -0.7247 0.9998
3 94 72 -0.7250 0.9998
4 86 70 -0.7778 0.9999
5 84 69 -0.7778 0.9998
6 81 68 -0.7777 0.9999
7 93 74 -0.3975 0.9998
8 75 69 -0.6297 0.9999
9 88 83 -0.6633 0.9999
10 81 81 -0.7304 0.9999
11 86 92 -0.0478 0.9996
12 55 91 -0.7217 0.9976
13 111 109 0.0381 0.8690
14 79 129 -0.7969 0.9919
15 123 126 -0.2104 0.8400
16 118 142 -0.7105 0.9803
17 124 134 -0.2473 0.8082
18 127 145 -0.7899 0.9522
19 117 132 -0.2985 0.8137
20 131 142 -0.7920 0.9535
21 116 129 -0.2339 0.8084
22 126 140 -0.7059 0.9340
23 58 143 0.2230 0.9983
24 42 154 -0.2235 0.9965
25 104 127 0.1621 0.6103
26 80 150 -0.5779 0.9186
27 94 167 0.3325 0.3072
28 91 171 0.0361 0.3169
29 85 174 0.3517 0.3869
30 86 174 0.1120 0.3750
31 112 180 0.3559 0.3230
32 112 181 0.2111 0.3096
