0 124 88 -1.0220 0.9993
1 132 71 -1.0469 0.9980
2 139 69 -1.0468 0.9991
3 145 68 -1.0474 0.9978
4 114 72 -1.0075 0.9973
5 110 72 -1.0078 0.9985
6 106 72 -1.0082 0.9966
7 157 63 -0.8740 0.9996
8 102 70 -0.6780 0.9974
9 139 99 -0.9262 0.9998
10 117 101 -0.8711 0.9996
11 212 101 -0.7272 0.9998
12 86 115 -0.3637 0.9991
13 219 218 -0.8371 0.9930
14 61 227 -0.7228 0.9853
15 101 254 -1.0574 0.9892
16 93 120 -1.2942 0.9963
17 76 262 -1.1502 0.9713
18 92 94 -1.3940 0.9878
19 70 243 -1.1003 0.9757
20 91 85 -1.3312 0.9860
21 78 240 -1.0289 0.9746
22 93 93 -1.2764 0.9844
23 190 246 -0.0836 0.9340
24 119 239 0.0852 0.8866
25 212 258 -1.0566 0.9193
26 47 255 -0.6272 0.9678
27 167 397 -0.4942 0.3300
28 79 407 -0.3528 0.4704
29 159 407 -0.4421 0.5087
30 87 421 -0.3288 0.4687
31 164 463 -0.7530 0.1723
32 72 473 -0.6666 0.1891
