0 44 53 -0.0527 1.0000
1 41 47 -0.0214 0.9999
2 41 47 -0.0216 0.9999
3 41 47 -0.0217 0.9999
4 39 47 -0.1089 0.9999
5 38 47 -0.1088 0.9999
6 36 47 -0.1090 0.9999
7 33 50 0.1459 0.9999
8 26 50 -0.2537 0.9999
9 42 59 0.0168 0.9999
10 40 59 -0.0994 1.0000
11 30 82 0.3972 0.9988
12 17 84 -0.4879 1.0000
13 60 124 0.5291 0.0577
14 31 139 -0.5850 0.9963
15 89 145 0.4463 0.0534
16 82 168 -0.5093 0.9726
17 103 155 0.4294 0.0546
18 93 178 -0.5873 0.9390
19 101 155 0.3652 0.0530
20 97 171 -0.5690 0.9404
21 96 153 0.4114 0.0560
22 95 167 -0.4996 0.9339
23 83 147 0.2661 0.9918
24 75 161 -0.2653 0.9946
25 149 119 0.2073 0.6102
26 165 146 -0.3763 0.9784
27 183 179 0.3159 0.4433
28 185 202 -0.0619 0.8816
29 176 191 0.3139 0.5033
30 177 213 -0.0174 0.8106
31 221 190 0.2444 0.4664
32 223 214 -0.0046 0.8573
