0 355 32 0.0641 0.9921
1 351 25 0.0718 0.9954
2 350 24 0.0717 0.9952
3 345 22 0.0715 0.9964
4 351 25 0.0396 0.9956
5 350 25 0.0395 0.9956
6 348 24 0.0394 0.9968
7 333 23 0.1011 0.9959
8 331 24 -0.0430 0.9960
9 351 37 0.0791 0.9819
10 350 37 0.0373 0.9865
11 328 55 0.1776 0.9909
12 331 55 -0.1374 0.9974
13 340 86 0.2307 0.0286
14 351 93 -0.1796 0.4373
15 360 86 0.2444 0.0151
16 371 91 -0.1106 0.1661
17 363 84 0.2589 0.0229
18 378 90 -0.1202 0.1934
19 365 81 0.2494 0.0231
20 376 85 -0.1080 0.1812
21 365 82 0.2395 0.0239
22 373 86 -0.1043 0.1639
23 304 137 0.0999 0.9950
24 313 139 -0.0999 0.9963
25 326 176 0.2356 0.0468
26 334 174 -0.0792 0.3798
27 324 214 0.1901 0.0991
28 327 220 -0.1569 0.3573
29 320 220 0.1821 0.2165
30 319 228 -0.1643 0.4739
31 342 222 0.1507 0.1932
32 348 229 -0.2117 0.4413
