0 62 14 -0.2910 1.0000
1 64 10 -0.2469 1.0000
2 65 10 -0.2469 1.0000
3 67 10 -0.2471 1.0000
4 59 11 -0.2426 1.0000
5 58 12 -0.2426 1.0000
6 57 12 -0.2427 1.0000
7 69 11 -0.0098 1.0000
8 57 15 0.0183 1.0000
9 66 18 -0.2031 1.0000
10 61 19 -0.1948 1.0000
11 86 34 0.1358 0.9999
12 48 37 0.1078 1.0000
13 95 58 -0.0376 0.9480
14 37 63 -0.1125 0.9834
15 95 63 -0.5417 0.8489
16 47 67 -0.5896 0.9513
17 96 67 -0.6305 0.8238
18 51 72 -0.6711 0.9265
19 94 65 -0.6523 0.8380
20 54 69 -0.6816 0.9269
21 90 64 -0.5602 0.8262
22 54 68 -0.5974 0.9187
23 81 78 0.0198 0.9963
24 59 82 -0.0188 0.9986
25 90 66 -0.8842 0.9948
26 58 97 -0.6400 0.9983
27 47 91 -0.9647 0.9051
28 64 143 -0.7139 0.9560
29 43 92 -0.9666 0.8312
30 65 147 -0.7236 0.9157
31 30 100 -1.1562 0.8542
32 70 161 -1.0031 0.8712
