0 148 47 0.1036 1.0000
1 152 45 0.1226 1.0000
2 154 46 0.1227 1.0000
3 155 47 0.1227 1.0000
4 148 45 0.1352 1.0000
5 147 45 0.1351 1.0000
6 146 45 0.1351 1.0000
7 158 51 0.2035 1.0000
8 145 48 0.2641 0.9999
9 151 53 0.1329 0.9998
10 145 51 0.1499 0.9993
11 163 80 0.1414 0.9997
12 128 73 0.3117 0.9955
13 151 107 0.0116 0.7164
14 113 99 0.1309 0.5176
15 143 93 -0.0317 0.5843
16 141 83 -0.1035 0.5528
17 145 82 -0.0437 0.5538
18 149 78 -0.1459 0.4704
19 149 78 -0.0363 0.5502
20 149 75 -0.1131 0.4310
21 142 90 -0.0269 0.5347
22 147 76 -0.0974 0.4040
23 135 131 -0.1148 0.9990
24 117 125 0.1149 0.9990
25 90 113 -0.2530 0.9721
26 80 135 -0.0853 0.9441
27 40 157 -0.3412 0.9891
28 83 190 -0.1784 0.9382
29 38 167 -0.3507 0.9159
30 88 199 -0.1871 0.8814
31 13 153 -0.4460 0.9816
32 68 209 -0.2554 0.9160
