0 293 118 -0.0737 0.9991
1 295 115 -0.0556 0.9992
2 296 114 -0.0556 0.9992
3 297 114 -0.0557 0.9994
4 290 116 -0.0549 0.9988
5 289 116 -0.0550 0.9988
6 288 116 -0.0550 0.9989
7 299 116 0.0384 0.9994
8 287 119 0.0449 0.9972
9 297 122 -0.0381 0.9989
10 291 123 -0.0365 0.9979
11 314 136 0.0616 0.9990
12 281 138 0.0554 0.9970
13 317 161 -0.0229 0.8398
14 285 160 -0.0582 0.6756
15 295 162 -0.0952 0.6440
16 299 138 -0.1633 0.6424
17 289 162 -0.1124 0.4891
18 302 132 -0.1865 0.5253
19 288 160 -0.0964 0.4650
20 301 129 -0.1712 0.4862
21 289 160 -0.0891 0.4035
22 300 131 -0.1594 0.4068
23 307 177 0.0005 0.9994
24 290 177 -0.0002 0.9993
25 328 185 -0.3117 0.9750
26 284 176 -0.3361 0.9811
27 308 219 -0.2255 0.9305
28 292 217 -0.2607 0.9522
29 302 224 -0.2183 0.8791
30 294 224 -0.2538 0.8757
31 312 234 -0.3236 0.9270
32 291 232 -0.3597 0.9396
