0 28 30 -0.3368 1.0000
1 33 24 -0.2677 1.0000
2 35 24 -0.2679 1.0000
3 38 25 -0.2681 1.0000
4 25 25 -0.2634 1.0000
5 22 25 -0.2635 1.0000
6 20 26 -0.2635 1.0000
7 42 28 0.0953 1.0000
8 18 29 0.1187 1.0000
9 34 36 -0.2017 1.0000
10 24 37 -0.1941 1.0000
11 61 60 0.2926 1.0000
12 4 60 0.2246 1.0000
13 63 95 0.0552 0.9673
14 -12 101 -0.0221 0.9942
15 50 103 -0.5640 0.9526
16 8 98 -0.6069 0.9902
17 49 112 -0.7172 0.9334
18 17 100 -0.7721 0.9819
19 44 108 -0.7555 0.9371
20 19 93 -0.7809 0.9828
21 43 105 -0.5945 0.9311
22 17 92 -0.6181 0.9799
23 41 126 0.0335 0.9998
24 10 124 -0.0319 0.9997
25 19 145 -1.0322 0.9877
26 21 120 -1.2308 0.9925
27 0 227 -1.1416 0.9906
28 26 200 -1.2794 0.9686
29 -4 235 -1.1663 0.9814
30 26 207 -1.2883 0.9613
31 -1 261 -1.6433 0.9818
32 40 234 -1.7401 0.9547
