0 190 156 0.0228 0.9994
1 189 154 0.0051 0.9997
2 189 154 0.0051 0.9997
3 189 154 0.0051 0.9997
4 190 153 0.0216 0.9997
5 190 153 0.0216 0.9997
6 190 153 0.0215 0.9998
7 191 154 -0.0449 0.9995
8 193 153 0.0287 0.9998
9 191 157 0.0068 0.9996
10 191 157 0.0281 0.9995
11 194 165 -0.0868 0.9997
12 202 161 0.0713 0.9990
13 193 179 -0.1069 0.7047
14 197 172 0.1418 0.0317
15 183 171 -0.0773 0.6823
16 184 170 0.1916 0.0779
17 179 170 -0.0853 0.6833
18 183 166 0.2018 0.1045
19 180 168 -0.0840 0.6757
20 182 165 0.1935 0.1018
21 181 169 -0.0757 0.6159
22 182 166 0.1888 0.1080
23 200 195 -0.0564 0.9999
24 204 193 0.0564 0.9994
25 176 193 -0.0725 0.9741
26 188 189 0.1185 0.4279
27 177 221 -0.0731 0.9784
28 192 210 0.1628 0.5396
29 181 226 -0.0725 0.9618
30 196 213 0.1667 0.5268
31 164 225 -0.0875 0.9528
32 184 214 0.1663 0.5422
