0 283 87 0.0190 0.9981
1 284 81 -0.0022 0.9987
2 285 80 -0.0022 0.9983
3 286 80 -0.0023 0.9989
4 283 81 0.0327 0.9988
5 284 81 0.0327 0.9987
6 284 80 0.0326 0.9992
7 294 79 -0.0531 0.9973
8 293 79 0.1020 0.9981
9 287 91 0.0007 0.9978
10 287 91 0.0456 0.9970
11 308 104 -0.1467 0.9985
12 307 104 0.1922 0.9953
13 298 151 -0.1631 0.8559
14 297 146 0.1813 0.0129
15 263 150 -0.0213 0.5665
16 269 148 0.0359 0.0131
17 255 150 -0.0248 0.4798
18 263 151 0.0233 0.0219
19 255 146 -0.0113 0.4758
20 259 148 0.0050 0.0220
21 258 145 -0.0109 0.4389
22 263 147 0.0214 0.0254
23 310 176 -0.1106 0.9961
24 308 172 0.1106 0.9950
25 248 154 -0.1473 0.9318
26 248 155 0.0848 0.2201
27 228 216 -0.0943 0.9497
28 233 213 0.0958 0.4089
29 232 227 -0.0853 0.9271
30 238 225 0.0940 0.4747
31 197 230 -0.0983 0.9449
32 208 225 0.0652 0.5030
