0 100 50 -0.8882 0.9997
1 97 42 -0.7857 0.9997
2 98 42 -0.7861 0.9995
3 99 41 -0.7865 0.9996
4 92 43 -0.8728 0.9996
5 89 43 -0.8730 0.9995
6 85 44 -0.8730 0.9997
7 89 45 -0.3229 0.9995
8 72 49 -0.7061 0.9997
9 99 58 -0.7164 0.9992
10 93 59 -0.8265 0.9997
11 84 95 0.2397 0.9983
12 52 97 -0.9223 0.9990
13 78 152 0.4271 0.1505
14 35 165 -0.8942 0.9706
15 111 181 0.1198 0.1405
16 91 178 -0.5694 0.7929
17 121 191 0.0575 0.1574
18 107 186 -0.6408 0.6784
19 125 187 -0.0179 0.1624
20 112 181 -0.6229 0.6917
21 120 184 0.0692 0.1756
22 105 177 -0.5504 0.6939
23 55 194 0.4058 0.9959
24 35 200 -0.4058 0.9917
25 136 198 0.2448 0.1940
26 132 206 -0.6221 0.8498
27 132 291 0.5151 0.1424
28 117 287 -0.0125 0.5121
29 118 303 0.5280 0.1930
30 102 305 0.0696 0.5166
31 164 321 0.4269 0.1579
32 149 329 0.1235 0.4981
