0 105 105 -2.5015 0.9879
1 109 91 -2.4272 0.9820
2 111 91 -2.4275 0.9777
3 114 91 -2.4285 0.9842
4 97 90 -2.4612 0.9860
5 91 89 -2.4618 0.9830
6 83 87 -2.4621 0.9869
7 109 88 -1.8708 0.9831
8 63 85 -2.0238 0.9844
9 104 117 -2.2782 0.9921
10 92 119 -2.3230 0.9954
11 139 127 -1.4219 0.9977
12 14 144 -1.5255 0.9753
13 233 174 -1.3082 0.9894
14 -35 233 -1.4800 0.9284
15 216 235 -1.6420 0.8092
16 21 280 -1.7769 0.5399
17 210 265 -1.7814 0.6087
18 35 300 -1.9077 0.3772
19 197 257 -1.8341 0.6375
20 46 285 -1.9692 0.3997
21 195 251 -1.6654 0.5875
22 42 278 -1.8047 0.3301
23 115 261 0.0562 0.7199
24 47 280 -0.0559 0.6435
25 190 262 0.0303 0.3560
26 90 287 -0.1687 0.2428
27 161 325 1.2093 0.0836
28 119 344 1.0191 0.0693
29 149 333 1.3198 0.0961
30 115 347 1.1331 0.0590
31 186 359 1.0679 0.0570
32 151 380 0.8415 0.0549
