0 142 86 -0.2172 1.0000
1 142 79 -0.2349 1.0000
2 143 79 -0.2348 1.0000
3 144 78 -0.2349 1.0000
4 140 80 -0.1920 1.0000
5 140 80 -0.1920 1.0000
6 141 79 -0.1920 1.0000
7 154 74 -0.2282 1.0000
8 150 75 -0.0303 1.0000
9 148 88 -0.2097 1.0000
10 147 88 -0.1532 1.0000
11 189 74 -0.2208 1.0000
12 160 99 0.0884 0.9992
13 230 84 -0.4763 0.9980
14 163 132 -0.0131 0.8038
15 192 93 -0.7066 0.9933
16 152 134 -0.3277 0.7932
17 183 100 -0.7642 0.9808
18 143 130 -0.3663 0.7440
19 181 97 -0.7246 0.9770
20 141 127 -0.3764 0.7205
21 182 97 -0.6902 0.9565
22 149 131 -0.3404 0.7051
23 216 133 -0.1029 1.0000
24 197 147 0.1026 1.0000
25 204 134 -0.6305 0.9986
26 163 191 -0.1342 0.9832
27 237 188 -0.5156 0.9971
28 231 170 0.0626 0.9736
29 239 190 -0.5034 0.9889
30 235 165 0.0869 0.9563
31 242 217 -0.6548 0.9977
32 253 180 0.0270 0.9751
