0 69 17 -0.5427 1.0000
1 71 14 -0.5002 1.0000
2 72 14 -0.5004 1.0000
3 73 14 -0.5007 1.0000
4 67 14 -0.5036 1.0000
5 66 14 -0.5035 1.0000
6 65 14 -0.5036 1.0000
7 75 15 -0.2430 1.0000
8 63 15 -0.2541 1.0000
9 71 20 -0.4450 1.0000
10 67 20 -0.4480 1.0000
11 84 35 -0.0767 1.0000
12 54 34 -0.1237 0.9999
13 86 60 0.0087 0.9819
14 52 60 -0.1020 0.9689
15 90 84 -0.2651 0.9801
16 47 83 -0.3609 0.9432
17 93 90 -0.3468 0.9642
18 43 90 -0.4423 0.9184
19 92 91 -0.4362 0.9661
20 44 90 -0.5341 0.9224
21 90 89 -0.3081 0.9594
22 46 88 -0.4053 0.9153
23 77 80 0.0199 0.9986
24 59 81 -0.0195 0.9989
25 99 110 -0.4599 0.9727
26 39 109 -0.4672 0.9852
27 85 144 -0.1123 0.8037
28 50 146 -0.1533 0.8762
29 79 147 -0.0931 0.6705
30 55 151 -0.1364 0.6808
31 91 157 -0.3591 0.6071
32 43 160 -0.4090 0.6712
