0 157 167 -0.2069 1.0000
1 158 163 -0.1973 1.0000
2 160 163 -0.1973 1.0000
3 161 163 -0.1973 1.0000
4 155 163 -0.1930 0.9999
5 154 163 -0.1931 0.9999
6 153 163 -0.1931 0.9999
7 165 164 -0.1235 0.9999
8 152 164 -0.1051 0.9999
9 160 171 -0.1781 1.0000
10 155 171 -0.1729 1.0000
11 176 179 -0.0950 1.0000
12 142 179 -0.0712 0.9999
13 183 201 -0.1247 0.9911
14 134 200 -0.1155 0.9580
15 164 217 -0.1969 0.9918
16 149 217 -0.2118 0.9371
17 160 223 -0.2246 0.9785
18 151 223 -0.2417 0.8894
19 158 222 -0.2270 0.9790
20 154 222 -0.2420 0.8868
21 158 220 -0.1971 0.9700
22 154 220 -0.2131 0.8710
23 173 222 -0.0084 0.9978
24 153 221 0.0085 0.9979
25 180 216 -0.2713 0.9445
26 144 220 -0.2689 0.9581
27 176 251 -0.1354 0.8952
28 163 248 -0.1464 0.9325
29 174 252 -0.1233 0.7196
30 167 252 -0.1345 0.8510
31 175 262 -0.2103 0.8898
32 169 261 -0.2145 0.9148
