0 266 109 -0.1293 0.9998
1 270 103 -0.1224 0.9999
2 272 102 -0.1224 0.9999
3 274 102 -0.1225 1.0000
4 262 104 -0.1165 0.9999
5 260 104 -0.1165 0.9999
6 258 104 -0.1166 0.9999
7 279 102 -0.0254 1.0000
8 258 104 0.0038 0.9999
9 272 113 -0.0873 1.0000
10 264 114 -0.0793 1.0000
11 304 123 0.0043 0.9993
12 249 127 0.0489 0.9995
13 310 171 -0.0653 0.9264
14 249 168 -0.0376 0.7594
15 293 165 -0.2077 0.8708
16 257 159 -0.2235 0.6637
17 283 162 -0.2231 0.8167
18 259 158 -0.2431 0.6119
19 284 156 -0.2135 0.8211
20 257 153 -0.2373 0.5930
21 286 156 -0.2022 0.7829
22 259 154 -0.2228 0.5621
23 297 192 -0.0145 0.9982
24 264 194 0.0144 0.9981
25 331 204 -0.3373 0.9602
26 221 198 -0.2932 0.9651
27 267 219 -0.2237 0.4605
28 285 217 -0.2444 0.6114
29 261 216 -0.2001 0.4239
30 291 210 -0.2271 0.5360
31 234 229 -0.2430 0.4515
32 312 217 -0.2743 0.5826
