0 270 49 -0.0473 0.9999
1 274 43 -0.0726 0.9999
2 275 43 -0.0726 0.9999
3 276 43 -0.0726 0.9999
4 273 43 -0.0252 0.9999
5 273 43 -0.0252 0.9999
6 274 43 -0.0252 0.9999
7 285 46 -0.1361 0.9998
8 282 45 0.0729 0.9999
9 274 55 -0.0711 0.9998
10 272 55 -0.0103 0.9997
11 294 80 -0.2657 0.9994
12 286 79 0.2110 0.9983
13 290 125 -0.2683 0.9659
14 279 119 0.2536 0.0427
15 266 150 -0.1063 0.8507
16 263 143 0.1692 0.0237
17 261 156 -0.1285 0.7660
18 257 148 0.1626 0.0282
19 257 153 -0.1184 0.7729
20 253 146 0.1325 0.0283
21 260 150 -0.0980 0.7330
22 258 145 0.1510 0.0305
23 287 153 -0.1493 0.9988
24 278 149 0.1493 0.9990
25 221 159 -0.1788 0.9483
26 221 158 0.1150 0.5181
27 224 220 0.0006 0.9707
28 222 216 0.2541 0.6463
29 232 230 0.0242 0.9616
30 230 225 0.2634 0.5935
31 201 235 0.0338 0.9701
32 199 231 0.2329 0.6614
