0 169 111 -0.0479 0.9998
1 169 106 -0.0751 0.9999
2 169 106 -0.0751 0.9999
3 170 106 -0.0751 0.9999
4 169 106 -0.0410 0.9999
5 169 106 -0.0410 0.9999
6 170 106 -0.0410 0.9999
7 176 105 -0.1418 0.9999
8 176 105 0.0103 0.9999
9 173 114 -0.0706 0.9999
10 173 114 -0.0263 0.9998
11 196 126 -0.2137 0.9998
12 198 122 0.1174 0.9990
13 186 161 -0.1524 0.9300
14 188 158 0.1574 0.0516
15 165 151 0.0523 0.8602
16 165 151 0.0935 0.0753
17 158 149 0.0592 0.8184
18 160 148 0.0903 0.1032
19 159 143 0.0545 0.8152
20 158 150 0.0811 0.0999
21 162 144 0.0578 0.7847
22 160 151 0.0856 0.1050
23 218 190 -0.1041 0.9996
24 214 181 0.1041 0.9989
25 163 193 -0.1430 0.9802
26 165 178 0.1597 0.4733
27 174 243 -0.1110 0.9794
28 168 225 0.2076 0.5972
29 183 252 -0.1074 0.9574
30 175 233 0.2100 0.6806
31 148 257 -0.1241 0.9782
32 144 237 0.2115 0.7450
