0 165 83 -0.5151 0.9998
1 163 74 -0.4542 0.9999
2 164 74 -0.4543 0.9999
3 165 74 -0.4543 0.9999
4 157 75 -0.5108 0.9998
5 153 76 -0.5108 0.9998
6 149 77 -0.5112 0.9997
7 158 79 -0.1358 0.9999
8 132 84 -0.3853 0.9999
9 167 93 -0.3940 0.9999
10 159 95 -0.4664 0.9999
11 174 139 0.0637 1.0000
12 95 138 -0.3234 0.9998
13 201 213 -0.2594 0.9940
14 106 225 -0.5600 0.9926
15 189 154 -0.9271 0.9961
16 138 152 -0.7280 0.9966
17 182 142 -1.0313 0.9816
18 151 142 -0.7802 0.9837
19 179 131 -0.9556 0.9780
20 150 131 -0.7381 0.9802
21 179 135 -0.9145 0.9792
22 147 136 -0.7080 0.9792
23 164 249 0.1117 0.9812
24 111 256 -0.1099 0.9654
25 196 325 0.2305 0.0546
26 128 344 -0.0110 0.0435
27 182 413 0.7110 0.0009
28 125 433 0.3444 0.0012
29 177 426 0.7453 0.0015
30 121 448 0.3654 0.0009
31 188 445 0.4862 0.0015
32 138 457 0.0087 0.0014
