0 126 70 -0.7435 1.0000
1 132 63 -0.6983 0.9999
2 136 62 -0.6985 0.9999
3 139 63 -0.6987 0.9999
4 120 63 -0.6936 0.9999
5 117 64 -0.6938 1.0000
6 113 64 -0.6942 1.0000
7 146 68 -0.4335 0.9999
8 110 71 -0.4098 1.0000
9 134 81 -0.6432 1.0000
10 120 82 -0.6360 1.0000
11 177 126 -0.3064 0.9998
12 86 127 -0.2690 0.9998
13 183 200 -0.4085 0.9966
14 75 199 -0.3594 0.9933
15 140 230 -0.7424 0.9819
16 113 234 -0.6669 0.9520
17 129 246 -0.8665 0.9548
18 123 252 -0.7816 0.8963
19 121 236 -0.8738 0.9601
20 130 242 -0.7999 0.9057
21 124 231 -0.7508 0.9494
22 127 236 -0.6784 0.8988
23 160 237 -0.0154 0.9760
24 102 241 0.0170 0.9839
25 176 304 -0.7252 0.9112
26 89 268 -0.9010 0.9233
27 165 386 -0.2382 0.4802
28 106 390 -0.5609 0.6298
29 162 395 -0.2029 0.4664
30 109 406 -0.5371 0.5431
31 161 421 -0.5316 0.3147
32 102 428 -0.9225 0.3991
