0 278 144 -0.2618 0.9980
1 280 137 -0.2366 0.9968
2 280 137 -0.2367 0.9961
3 280 137 -0.2369 0.9967
4 278 136 -0.2829 0.9980
5 276 134 -0.2830 0.9977
6 274 133 -0.2831 0.9981
7 272 132 -0.0893 0.9978
8 263 127 -0.2943 0.9985
9 271 147 -0.2007 0.9959
10 269 146 -0.2599 0.9976
11 248 145 0.0907 0.9904
12 227 142 -0.3525 0.9966
13 269 175 0.1472 0.4265
14 221 196 -0.3647 0.9844
15 289 140 0.0252 0.4533
16 270 187 -0.1921 0.9401
17 290 133 0.0010 0.4264
18 284 189 -0.2112 0.8757
19 288 134 0.0099 0.4173
20 285 180 -0.2051 0.8747
21 293 142 0.0216 0.4241
22 279 179 -0.1833 0.8365
23 192 210 0.1591 0.9292
24 174 216 -0.1587 0.9284
25 249 230 0.2068 0.2130
26 239 238 -0.1782 0.6618
27 202 262 0.3311 0.0595
28 183 271 0.0845 0.2156
29 188 263 0.3424 0.0891
30 166 268 0.1183 0.3150
31 209 287 0.3546 0.0630
32 190 302 0.1549 0.2025
