0 101 49 -1.6899 0.9999
1 105 41 -1.6586 0.9997
2 107 41 -1.6586 0.9998
3 110 40 -1.6590 0.9994
4 96 42 -1.6504 0.9996
5 93 42 -1.6506 0.9998
6 90 42 -1.6506 0.9996
7 114 40 -1.2726 0.9997
8 88 42 -1.2296 0.9999
9 106 55 -1.5292 0.9999
10 97 56 -1.5178 0.9999
11 139 66 -0.9158 0.9999
12 69 66 -0.8773 1.0000
13 143 120 -1.5855 0.9907
14 61 118 -1.4638 0.9927
15 113 84 -2.3538 0.9795
16 94 88 -2.1661 0.9826
17 109 71 -2.4911 0.9389
18 99 75 -2.3017 0.9461
19 110 67 -2.3993 0.9156
20 98 70 -2.2073 0.9194
21 110 72 -2.3329 0.8272
22 98 75 -2.1395 0.8354
23 124 132 -0.0058 0.9998
24 86 133 0.0060 0.9999
25 151 139 -1.2729 0.9847
26 57 142 -1.2874 0.9831
27 153 223 -0.9346 0.9693
28 63 222 -0.8867 0.9872
29 147 233 -0.9257 0.9282
30 69 233 -0.8694 0.9516
31 166 247 -1.4358 0.9659
32 50 249 -1.3640 0.9784
