0 144 51 -1.5754 1.0000
1 151 44 -1.5688 1.0000
2 155 44 -1.5683 1.0000
3 159 44 -1.5685 1.0000
4 138 43 -1.5634 1.0000
5 134 43 -1.5635 1.0000
6 131 43 -1.5634 1.0000
7 167 45 -1.2521 1.0000
8 124 45 -1.2348 1.0000
9 150 60 -1.4332 1.0000
10 137 61 -1.4286 1.0000
11 181 59 -0.8041 1.0000
12 114 67 -0.7658 1.0000
13 211 81 -0.5476 0.9887
14 114 99 -0.1557 0.9794
15 185 105 -0.7311 0.7633
16 114 131 0.1042 0.8609
17 177 112 -0.7475 0.5670
18 109 142 0.1256 0.7886
19 171 105 -0.7899 0.5501
20 110 142 0.0649 0.7828
21 172 103 -0.7374 0.5607
22 113 138 0.0980 0.7666
23 173 127 -0.0254 1.0000
24 139 133 0.0256 1.0000
25 180 149 -0.9789 0.9938
26 105 190 -0.1544 0.9842
27 161 205 -0.5304 0.9915
28 159 190 0.8308 0.8858
29 160 207 -0.4897 0.9811
30 167 177 0.9196 0.8410
31 150 235 -0.8051 0.9861
32 167 203 0.7523 0.7442
