0 110 67 -0.5072 1.0000
1 113 61 -0.4670 1.0000
2 114 61 -0.4673 1.0000
3 115 62 -0.4676 1.0000
4 108 60 -0.5208 1.0000
5 106 59 -0.5209 1.0000
6 103 58 -0.5207 1.0000
7 113 63 -0.1617 1.0000
8 96 58 -0.4030 1.0000
9 110 72 -0.3815 1.0000
10 105 71 -0.4523 1.0000
11 106 83 0.1344 1.0000
12 70 75 -0.3456 0.9998
13 116 121 -0.1972 0.9710
14 76 122 -0.5469 0.9490
15 108 89 -0.7573 0.9619
16 94 85 -0.6881 0.9683
17 112 78 -0.8253 0.9170
18 96 76 -0.7336 0.9489
19 109 75 -0.7428 0.9062
20 94 72 -0.7324 0.9440
21 107 78 -0.7341 0.8761
22 92 75 -0.6840 0.9230
23 70 131 0.1912 0.9997
24 46 129 -0.1908 0.9998
25 121 135 -0.2259 0.9788
26 83 139 -0.9040 0.9980
27 111 195 -0.3248 0.9585
28 75 211 -0.8593 0.9984
29 101 203 -0.3382 0.9433
30 67 218 -0.8521 0.9938
31 129 220 -0.5376 0.9692
32 96 234 -1.0926 0.9974
