0 74 35 -0.7105 0.9976
1 76 29 -0.6811 0.9969
2 78 28 -0.6815 0.9978
3 80 27 -0.6823 0.9975
4 72 30 -0.6943 0.9951
5 70 30 -0.6940 0.9953
6 68 30 -0.6940 0.9940
7 82 28 -0.3700 0.9982
8 64 30 -0.4246 0.9956
9 76 39 -0.5780 0.9980
10 71 39 -0.5936 0.9964
11 87 50 -0.0964 0.9995
12 51 49 -0.2108 0.9968
13 91 90 0.0350 0.7529
14 30 86 -0.2694 0.8703
15 89 95 -0.1136 0.8142
16 30 101 -0.5234 0.7785
17 89 99 -0.1733 0.7737
18 29 108 -0.5714 0.7449
19 88 95 -0.2056 0.7911
20 30 104 -0.6100 0.7664
21 86 94 -0.1319 0.8103
22 33 103 -0.5476 0.7919
23 71 109 0.0186 0.9534
24 45 109 -0.0166 0.9299
25 95 115 -0.7862 0.6228
26 26 132 -0.5448 0.6188
27 52 162 -0.4396 0.1866
28 37 180 -0.4904 0.2365
29 46 164 -0.4057 0.2496
30 39 183 -0.4772 0.2411
31 40 186 -0.5714 0.1352
32 38 207 -0.7252 0.1704
