0 53 95 -0.3811 0.9999
1 51 89 -0.3642 0.9998
2 51 88 -0.3642 0.9998
3 52 87 -0.3643 0.9999
4 48 92 -0.3757 0.9998
5 46 93 -0.3757 0.9999
6 44 94 -0.3757 0.9999
7 53 87 -0.2185 0.9998
8 39 97 -0.2713 0.9999
9 57 98 -0.3201 0.9999
10 53 101 -0.3352 0.9999
11 76 101 -0.0637 0.9999
12 34 118 -0.1364 0.9998
13 99 110 0.0898 0.9253
14 40 146 -0.0229 0.9712
15 123 111 0.0369 0.7986
16 60 150 -0.0034 0.8460
17 136 114 0.0219 0.7126
18 66 157 -0.0083 0.7506
19 132 114 -0.0122 0.7476
20 68 153 -0.0345 0.7581
21 129 115 0.0207 0.7488
22 67 150 -0.0095 0.7325
23 99 153 -0.0086 0.9963
24 73 164 0.0092 0.9940
25 113 170 -0.4350 0.8181
26 70 184 -0.4385 0.9273
27 109 233 -0.3428 0.6622
28 99 234 -0.3360 0.4831
29 113 241 -0.3395 0.5857
30 100 239 -0.3286 0.6007
31 121 257 -0.5039 0.6013
32 107 258 -0.4785 0.5152
