0 180 56 -1.1464 1.0000
1 188 47 -1.1423 1.0000
2 192 47 -1.1420 1.0000
3 195 47 -1.1422 1.0000
4 174 46 -1.1295 1.0000
5 170 46 -1.1296 1.0000
6 167 46 -1.1295 1.0000
7 205 47 -0.8896 1.0000
8 163 47 -0.8337 1.0000
9 186 64 -1.0327 1.0000
10 173 64 -1.0170 1.0000
11 223 61 -0.6026 1.0000
12 151 70 -0.4472 0.9999
13 264 90 -0.4036 0.9993
14 144 100 -0.0435 0.9209
15 226 110 -0.4773 0.9802
16 149 138 0.0417 0.7445
17 213 117 -0.5001 0.9146
18 143 149 0.0390 0.6358
19 208 112 -0.5285 0.9146
20 145 148 -0.0102 0.6309
21 210 110 -0.4766 0.8983
22 150 145 0.0302 0.6332
23 215 134 -0.0679 1.0000
24 178 139 0.0681 1.0000
25 214 152 -0.8211 0.9981
26 144 193 -0.1395 0.9780
27 200 210 -0.4227 0.9972
28 210 182 0.6401 0.8637
29 200 214 -0.3805 0.9888
30 222 173 0.7225 0.8498
31 189 246 -0.6102 0.9943
32 226 208 0.6594 0.7348
