0 10 40 -0.1932 0.9998
1 11 36 -0.1475 0.9999
2 12 36 -0.1478 0.9998
3 13 36 -0.1481 0.9999
4 8 36 -0.1738 0.9998
5 6 36 -0.1737 0.9998
6 5 36 -0.1737 0.9998
7 14 38 0.1039 0.9998
8 2 38 -0.0122 0.9998
9 11 43 -0.0986 0.9999
10 7 43 -0.1317 0.9999
11 19 53 0.2746 0.9999
12 -4 55 -0.0028 0.9998
13 27 73 0.0583 0.7657
14 -4 81 -0.2248 0.9323
15 24 71 -0.5060 0.8294
16 5 71 -0.5408 0.9552
17 25 71 -0.6092 0.8175
18 6 66 -0.6118 0.9359
19 23 67 -0.6114 0.8206
20 6 63 -0.6239 0.9378
21 22 68 -0.5216 0.7975
22 6 64 -0.5479 0.9311
23 18 92 0.1575 0.9991
24 4 94 -0.1575 0.9960
25 45 104 -0.0741 0.7751
26 38 87 -0.3631 0.8105
27 47 139 -0.0938 0.5296
28 45 122 -0.1622 0.3621
29 43 144 -0.1027 0.5238
30 42 128 -0.1366 0.3942
31 59 152 -0.2708 0.3454
32 58 135 -0.2127 0.2977
