0 179 193 -0.1604 0.9731
1 181 188 -0.1914 0.9769
2 182 188 -0.1915 0.9790
3 184 188 -0.1917 0.9805
4 180 188 -0.1511 0.9684
5 180 188 -0.1512 0.9648
6 180 188 -0.1514 0.9708
7 192 188 -0.2537 0.9843
8 188 188 -0.0729 0.9809
9 185 198 -0.1760 0.9855
10 183 197 -0.1233 0.9673
11 205 211 -0.3268 0.9962
12 196 206 0.0572 0.9929
13 181 239 -0.3674 0.9080
14 174 224 0.1708 0.0978
15 138 238 -0.3243 0.7965
16 148 229 0.1571 0.1199
17 128 239 -0.3564 0.7799
18 143 230 0.1552 0.1571
19 129 233 -0.3407 0.7839
20 141 228 0.1160 0.1672
21 133 233 -0.3147 0.7438
22 143 229 0.1371 0.1819
23 202 268 -0.0969 0.9796
24 195 263 0.0972 0.9637
25 177 279 -0.0919 0.3292
26 172 277 0.1522 0.0978
27 181 317 0.0550 0.1687
28 176 314 0.2597 0.0515
29 186 324 0.0722 0.4283
30 181 321 0.2719 0.1704
31 169 325 0.0608 0.1639
32 163 325 0.2547 0.0586
