0 44 149 -0.0432 0.9957
1 44 147 -0.0356 0.9949
2 44 147 -0.0357 0.9922
3 44 147 -0.0358 0.9950
4 42 147 -0.0498 0.9939
5 42 147 -0.0498 0.9902
6 41 148 -0.0499 0.9929
7 43 148 0.0220 0.9924
8 39 149 -0.0444 0.9906
9 45 151 -0.0184 0.9921
10 43 152 -0.0380 0.9928
11 45 158 0.0631 0.9981
12 38 160 -0.0498 0.9972
13 47 154 0.1001 0.7101
14 37 154 -0.0826 0.8569
15 41 147 0.1186 0.6362
16 36 147 -0.0430 0.6411
17 39 146 0.1132 0.5616
18 36 145 -0.0540 0.5782
19 38 146 0.1138 0.5593
20 36 146 -0.0584 0.5762
21 39 147 0.1179 0.5649
22 37 147 -0.0455 0.5708
23 59 195 0.0446 0.9973
24 53 198 -0.0447 0.9964
25 80 216 0.0176 0.1666
26 71 220 -0.0707 0.4880
27 92 241 0.0286 0.2295
28 89 243 -0.0305 0.5043
29 91 246 0.0268 0.3715
30 89 247 -0.0279 0.5183
31 104 244 -0.0324 0.3483
32 100 248 -0.0820 0.5511
