0 57 47 -0.6756 0.9998
1 56 42 -0.6566 0.9997
2 58 41 -0.6566 0.9997
3 59 40 -0.6568 0.9996
4 52 43 -0.6669 0.9996
5 50 44 -0.6670 0.9995
6 48 44 -0.6669 0.9994
7 58 41 -0.4986 0.9994
8 42 45 -0.5487 0.9996
9 59 50 -0.6111 0.9998
10 54 52 -0.6255 0.9998
11 70 58 -0.3665 0.9999
12 27 63 -0.4180 0.9991
13 89 80 -0.4076 0.9691
14 29 92 -0.4090 0.8614
15 81 91 -0.6004 0.7963
16 38 101 -0.5388 0.4214
17 76 94 -0.6511 0.7197
18 39 105 -0.5852 0.4007
19 75 92 -0.6576 0.7076
20 40 101 -0.6033 0.4041
21 74 91 -0.6062 0.6411
22 41 100 -0.5484 0.3430
23 67 100 0.0150 0.9998
24 46 104 -0.0149 0.9993
25 90 105 -0.0653 0.2311
26 48 129 -0.1789 0.2157
27 77 122 0.2825 0.0554
28 59 122 0.2655 0.0187
29 72 124 0.3171 0.1274
30 61 120 0.3118 0.0487
31 83 132 0.2700 0.0486
32 64 129 0.2772 0.0239
