0 157 71 -0.1747 1.0000
1 160 65 -0.1256 1.0000
2 163 66 -0.1258 1.0000
3 166 67 -0.1260 1.0000
4 151 65 -0.1483 1.0000
5 148 65 -0.1484 1.0000
6 145 66 -0.1486 1.0000
7 168 73 0.0776 0.9999
8 138 74 -0.0302 1.0000
9 163 82 -0.1034 0.9999
10 152 81 -0.1346 1.0000
11 184 112 0.1661 0.9995
12 131 126 -0.0206 0.9995
13 228 144 -0.1057 0.9478
14 134 192 -0.1359 0.6037
15 202 92 -0.4718 0.9591
16 153 199 -0.3272 0.6271
17 191 80 -0.5345 0.9108
18 152 205 -0.3589 0.5651
19 187 78 -0.4716 0.9014
20 157 197 -0.3776 0.5691
21 188 82 -0.4561 0.8818
22 158 195 -0.3336 0.5787
23 194 206 0.0793 0.9991
24 164 218 -0.0798 0.9990
25 226 199 -0.0034 0.1852
26 199 216 -0.4314 0.4474
27 217 272 0.0372 0.0790
28 217 277 -0.1806 0.0955
29 211 285 0.0418 0.1044
30 212 286 -0.1476 0.1625
31 233 289 -0.0265 0.1128
32 241 293 -0.1886 0.1213
