0 164 54 -0.4102 0.9998
1 164 46 -0.4345 0.9998
2 166 45 -0.4346 0.9997
3 168 44 -0.4346 0.9998
4 161 48 -0.3761 0.9997
5 161 48 -0.3760 0.9995
6 161 47 -0.3761 0.9997
7 178 39 -0.4383 0.9998
8 171 43 -0.1741 0.9995
9 173 58 -0.4052 0.9998
10 169 60 -0.3288 0.9997
11 207 71 -0.5429 0.9999
12 190 71 0.0870 0.9989
13 174 126 -0.6720 0.9943
14 171 125 0.1644 0.1793
15 134 175 -0.6947 0.9916
16 135 166 0.0556 0.2720
17 125 185 -0.7724 0.9852
18 126 178 0.0502 0.2971
19 122 185 -0.7469 0.9844
20 124 177 -0.0216 0.3096
21 125 183 -0.6836 0.9694
22 127 177 0.0208 0.3187
23 238 163 -0.1690 0.9998
24 220 160 0.1689 0.9997
25 253 200 -0.3482 0.9013
26 163 186 0.0304 0.7306
27 310 177 -0.0800 0.5993
28 230 204 0.0213 0.4747
29 318 167 -0.0474 0.7026
30 242 203 0.0246 0.6622
31 321 189 -0.0373 0.6021
32 239 218 0.0102 0.4833
