0 197 66 -0.4756 0.9998
1 201 60 -0.4597 0.9999
2 204 60 -0.4597 0.9999
3 205 60 -0.4598 0.9999
4 193 60 -0.4595 0.9999
5 190 60 -0.4596 0.9999
6 188 60 -0.4597 1.0000
7 209 63 -0.3206 0.9999
8 186 63 -0.3169 0.9999
9 202 72 -0.4207 0.9999
10 193 73 -0.4201 0.9999
11 226 93 -0.2326 0.9989
12 167 99 -0.2440 0.9997
13 238 132 -0.3900 0.7925
14 160 145 -0.3839 0.9540
15 217 124 -0.6577 0.8165
16 181 130 -0.6183 0.9118
17 212 125 -0.6990 0.7734
18 189 128 -0.6630 0.8561
19 210 119 -0.6817 0.7518
20 189 121 -0.6496 0.8270
21 211 119 -0.6518 0.6750
22 187 121 -0.6136 0.7537
23 215 152 -0.0102 0.9971
24 181 155 0.0099 0.9983
25 247 111 -0.2623 0.9736
26 126 160 -0.2628 0.9867
27 234 164 -0.2871 0.9221
28 189 175 -0.2170 0.9328
29 229 174 -0.2859 0.8067
30 200 172 -0.2047 0.8198
31 234 179 -0.4101 0.9007
32 209 184 -0.2997 0.9037
