0 76 21 -0.1490 0.9958
1 78 17 -0.2226 0.9976
2 78 17 -0.2227 0.9972
3 79 16 -0.2228 0.9981
4 78 17 -0.1390 0.9969
5 78 16 -0.1391 0.9963
6 79 16 -0.1392 0.9974
7 84 17 -0.3988 0.9968
8 85 17 -0.0251 0.9952
9 79 24 -0.2094 0.9966
10 79 24 -0.1007 0.9950
11 86 36 -0.6485 0.9993
12 98 33 0.2691 0.9971
13 52 52 -0.4760 0.8647
14 77 49 0.3811 0.0529
15 49 59 0.1738 0.4192
16 57 55 0.2957 0.0342
17 50 63 0.1793 0.3211
18 54 60 0.3174 0.0429
19 51 63 0.1655 0.3187
20 54 59 0.2418 0.0452
21 51 62 0.1828 0.3465
22 56 59 0.2584 0.0516
23 101 91 -0.3009 0.9987
24 101 85 0.3011 0.9981
25 50 82 -0.3573 0.9634
26 59 56 0.3718 0.4658
27 44 130 -0.0729 0.9232
28 61 91 0.3255 0.5791
29 48 135 -0.0393 0.8939
30 65 97 0.3125 0.6253
31 30 140 -0.0163 0.9116
32 50 99 0.3195 0.6468
