0 47 20 0.0337 1.0000
1 47 16 0.0896 1.0000
2 47 16 0.0893 1.0000
3 47 16 0.0893 1.0000
4 46 16 0.0353 1.0000
5 45 16 0.0352 1.0000
6 44 16 0.0350 1.0000
7 43 16 0.3763 1.0000
8 38 15 0.1348 1.0000
9 46 24 0.1441 1.0000
10 44 23 0.0732 1.0000
11 48 37 0.5117 1.0000
12 17 25 -0.0138 1.0000
13 50 60 0.2960 0.8306
14 21 36 -0.3632 0.9937
15 60 57 -0.1907 0.9427
16 47 31 -0.4259 0.9909
17 65 56 -0.2578 0.9199
18 54 33 -0.4648 0.9779
19 65 53 -0.2612 0.9214
20 55 31 -0.4408 0.9757
21 63 52 -0.2035 0.8986
22 53 30 -0.4083 0.9607
23 32 82 0.1751 1.0000
24 12 79 -0.1756 1.0000
25 75 92 -0.1123 0.9659
26 30 40 -0.6997 0.9942
27 110 125 -0.4564 0.9825
28 36 90 -0.6596 0.9845
29 112 132 -0.4930 0.9661
30 30 97 -0.6445 0.9621
31 125 120 -0.6913 0.9774
32 56 102 -0.7417 0.9759
