0 70 41 -0.0965 1.0000
1 71 34 -0.0448 1.0000
2 71 34 -0.0450 1.0000
3 71 34 -0.0452 1.0000
4 68 33 -0.1199 1.0000
5 65 32 -0.1201 1.0000
6 63 31 -0.1200 1.0000
7 63 33 0.2102 1.0000
8 50 29 -0.1262 1.0000
9 66 47 -0.0003 1.0000
10 62 45 -0.0975 1.0000
11 58 66 0.4495 0.9999
12 22 71 -0.2979 1.0000
13 71 112 0.3509 0.2639
14 24 136 -0.2956 0.9845
15 98 132 -0.1735 0.2480
16 88 135 -0.1012 0.9280
17 113 140 -0.2737 0.2902
18 100 137 -0.1334 0.9027
19 109 133 -0.3116 0.2881
20 101 131 -0.1451 0.9087
21 102 131 -0.2104 0.2914
22 96 130 -0.0903 0.9081
23 73 152 0.2806 0.9990
24 58 166 -0.2800 0.9997
25 155 119 0.2227 0.8117
26 159 179 -0.4615 0.9962
27 165 182 0.2313 0.8103
28 168 269 -0.4016 0.9950
29 157 194 0.2222 0.8237
30 156 281 -0.3803 0.9911
31 211 196 0.1270 0.8090
32 208 290 -0.4506 0.9873
