0 101 107 -2.0225 0.8741
1 106 92 -1.9888 0.9111
2 110 92 -1.9890 0.8873
3 113 91 -1.9897 0.9380
4 93 90 -2.0146 0.9140
5 86 89 -2.0149 0.8717
6 78 87 -2.0149 0.8980
7 111 88 -1.6269 0.9488
8 62 86 -1.7432 0.8409
9 102 120 -1.8660 0.8527
10 87 120 -1.9004 0.8544
11 144 130 -1.3391 0.9873
12 13 140 -1.2926 0.7397
13 233 178 -1.1188 0.9600
14 -48 218 -1.0536 0.5961
15 219 241 -1.0904 0.4584
16 -39 271 -1.0304 0.1144
17 218 261 -1.1505 0.2476
18 -40 281 -1.0735 0.0781
19 201 258 -1.1645 0.2700
20 -31 275 -1.1262 0.0846
21 198 254 -1.0910 0.2470
22 -27 271 -1.0513 0.0659
23 121 236 -0.0300 0.3836
24 54 259 0.0302 0.1895
25 183 238 0.7118 0.1013
26 82 285 0.8379 0.0313
27 146 264 1.7184 0.0326
28 100 286 1.7581 0.0147
29 135 264 1.8216 0.0461
30 101 281 1.8574 0.0211
31 158 295 1.6980 0.0155
32 117 312 1.7137 0.0115
