0 316 41 -0.2437 1.0000
1 320 35 -0.2263 1.0000
2 321 34 -0.2264 1.0000
3 323 34 -0.2265 1.0000
4 315 34 -0.2308 1.0000
5 313 34 -0.2308 1.0000
6 311 33 -0.2308 1.0000
7 326 32 -0.0829 1.0000
8 307 30 -0.1053 1.0000
9 318 44 -0.1851 1.0000
10 312 43 -0.1917 1.0000
11 343 57 0.0428 1.0000
12 280 56 -0.0207 1.0000
13 350 105 0.0120 0.8894
14 271 95 -0.0719 0.9766
15 343 108 -0.2224 0.8816
16 287 111 -0.2892 0.9505
17 341 113 -0.2742 0.8575
18 290 121 -0.3436 0.9329
19 339 108 -0.2972 0.8670
20 296 115 -0.3555 0.9361
21 339 106 -0.2373 0.8390
22 296 111 -0.2979 0.9222
23 333 125 0.0317 0.9997
24 300 127 -0.0311 0.9996
25 352 153 -0.3330 0.9895
26 313 156 -0.3930 0.9962
27 324 219 -0.2477 0.9843
28 314 227 -0.3099 0.9885
29 318 230 -0.2442 0.9562
30 309 235 -0.3049 0.9419
31 352 255 -0.3999 0.9713
32 324 264 -0.4673 0.9753
