0 40 42 -0.2216 0.9999
1 43 36 -0.1104 1.0000
2 45 36 -0.1107 0.9999
3 47 36 -0.1111 1.0000
4 36 36 -0.1259 0.9999
5 34 36 -0.1261 0.9999
6 31 36 -0.1261 1.0000
7 49 39 0.4281 0.9999
8 26 37 0.3469 1.0000
9 42 47 -0.0203 1.0000
10 34 47 -0.0464 1.0000
11 66 72 0.5331 0.9998
12 7 70 0.5347 0.9997
13 72 114 0.1171 0.7503
14 -4 110 0.2224 0.6351
15 41 113 -0.3604 0.6089
16 19 104 -0.2737 0.3152
17 30 117 -0.4531 0.5898
18 26 109 -0.3793 0.3277
19 31 107 -0.3994 0.5688
20 31 103 -0.3596 0.3187
21 32 106 -0.3388 0.5159
22 29 103 -0.2685 0.3125
23 59 139 -0.0160 0.9999
24 26 140 0.0183 0.9997
25 75 150 -1.2820 0.9924
26 15 95 -1.5733 0.9837
27 70 233 -1.5463 0.9823
28 86 136 -1.6688 0.9321
29 63 241 -1.5820 0.9479
30 96 142 -1.6633 0.9430
31 79 258 -2.2332 0.9823
32 115 146 -2.1365 0.9485
