0 202 110 -0.1545 0.9998
1 205 104 -0.1473 0.9999
2 207 103 -0.1473 0.9999
3 210 102 -0.1474 0.9999
4 199 105 -0.1391 0.9999
5 197 105 -0.1391 0.9999
6 196 105 -0.1391 0.9999
7 214 101 -0.0333 0.9999
8 195 105 0.0084 0.9999
9 207 114 -0.1044 1.0000
10 201 115 -0.0928 1.0000
11 239 126 0.0195 0.9992
12 182 129 0.0593 0.9996
13 244 172 -0.0571 0.9198
14 181 173 -0.0354 0.8522
15 225 164 -0.2402 0.8407
16 194 164 -0.2494 0.7511
17 217 163 -0.2620 0.7775
18 199 164 -0.2756 0.6735
19 217 158 -0.2463 0.7739
20 199 159 -0.2642 0.6447
21 218 158 -0.2321 0.7216
22 199 158 -0.2457 0.5958
23 230 193 -0.0073 0.9988
24 196 195 0.0074 0.9987
25 269 204 -0.4374 0.9759
26 156 197 -0.3929 0.9765
27 203 223 -0.3159 0.5706
28 223 219 -0.3320 0.7188
29 197 219 -0.2894 0.5563
30 229 214 -0.3109 0.6428
31 175 230 -0.3579 0.6228
32 250 222 -0.3809 0.7085
