0 225 78 -0.3332 0.9999
1 229 72 -0.3253 0.9996
2 232 72 -0.3253 0.9998
3 234 71 -0.3254 0.9994
4 222 73 -0.3244 0.9996
5 219 73 -0.3245 0.9998
6 217 73 -0.3246 0.9996
7 237 69 -0.2311 0.9996
8 214 72 -0.2280 0.9997
9 230 82 -0.2933 1.0000
10 222 83 -0.2927 1.0000
11 253 92 -0.1532 1.0000
12 198 92 -0.1498 1.0000
13 261 139 -0.2300 0.9923
14 187 135 -0.2265 0.9932
15 239 137 -0.3929 0.9814
16 202 131 -0.3962 0.9840
17 231 139 -0.4289 0.9760
18 207 134 -0.4294 0.9738
19 228 134 -0.4272 0.9762
20 209 129 -0.4307 0.9706
21 231 133 -0.3933 0.9626
22 208 127 -0.3977 0.9580
23 241 148 0.0038 0.9999
24 212 149 -0.0037 0.9998
25 239 152 -0.3189 0.9933
26 209 155 -0.3069 0.9841
27 238 209 -0.2225 0.9759
28 206 212 -0.2059 0.9886
29 237 216 -0.2179 0.9512
30 208 219 -0.2014 0.9719
31 237 228 -0.3464 0.9559
32 202 232 -0.3366 0.9743
