0 239 71 -0.3434 0.9999
1 241 65 -0.3495 0.9999
2 242 64 -0.3495 0.9999
3 243 63 -0.3495 0.9999
4 237 66 -0.3560 0.9998
5 236 65 -0.3561 0.9997
6 234 65 -0.3561 0.9997
7 243 57 -0.2522 1.0000
8 231 61 -0.2754 0.9993
9 241 73 -0.2908 1.0000
10 237 73 -0.2982 0.9998
11 267 68 -0.1671 1.0000
12 212 73 -0.1380 0.9997
13 278 113 -0.1761 0.9883
14 210 120 -0.2289 0.9047
15 241 133 -0.2621 0.9808
16 226 84 -0.4024 0.9472
17 236 145 -0.2890 0.9450
18 230 75 -0.4407 0.9103
19 228 144 -0.2937 0.9434
20 229 72 -0.4351 0.9013
21 229 140 -0.2607 0.9285
22 228 74 -0.4013 0.8566
23 255 131 -0.0159 0.9999
24 222 134 0.0162 0.9998
25 275 143 -0.4799 0.9940
26 207 143 -0.4851 0.9903
27 265 209 -0.3938 0.9862
28 218 212 -0.3944 0.9894
29 263 214 -0.3886 0.9415
30 226 223 -0.3855 0.9633
31 267 234 -0.5520 0.9867
32 209 232 -0.5340 0.9885
