0 167 83 -0.5327 0.9999
1 165 74 -0.4724 0.9999
2 166 74 -0.4724 0.9999
3 167 73 -0.4724 0.9999
4 158 75 -0.5236 0.9998
5 154 76 -0.5237 0.9999
6 150 77 -0.5239 0.9998
7 161 79 -0.1646 0.9999
8 134 84 -0.3911 0.9999
9 169 93 -0.4162 0.9999
10 160 96 -0.4820 0.9999
11 177 138 0.0148 1.0000
12 96 138 -0.3178 0.9999
13 206 216 -0.2812 0.9940
14 106 227 -0.5703 0.9922
15 190 156 -0.9003 0.9986
16 140 152 -0.8130 0.9991
17 184 143 -0.9933 0.9936
18 152 141 -0.8735 0.9958
19 181 133 -0.9244 0.9921
20 151 131 -0.8214 0.9947
21 180 137 -0.8874 0.9926
22 148 136 -0.7920 0.9939
23 166 250 0.0888 0.9700
24 113 255 -0.0867 0.9429
25 195 325 0.1758 0.0367
26 122 346 0.0659 0.0253
27 181 412 0.6379 0.0005
28 122 428 0.4504 0.0005
29 177 425 0.6699 0.0014
30 121 441 0.4743 0.0005
31 184 445 0.3926 0.0007
32 130 455 0.1095 0.0006
