0 222 146 0.0049 0.9994
1 223 144 -0.0075 0.9997
2 223 144 -0.0075 0.9998
3 223 144 -0.0075 0.9998
4 223 144 0.0066 0.9996
5 224 144 0.0066 0.9996
6 224 143 0.0066 0.9996
7 224 145 -0.0403 0.9995
8 226 144 0.0232 0.9997
9 223 148 -0.0058 0.9990
10 224 148 0.0126 0.9984
11 229 156 -0.0819 0.9996
12 232 155 0.0608 0.9925
13 223 159 -0.1537 0.8034
14 229 161 0.1471 0.0204
15 223 147 -0.1810 0.7864
16 226 152 0.2252 0.0406
17 224 145 -0.1920 0.8254
18 226 150 0.2390 0.0742
19 225 144 -0.1925 0.8228
20 226 149 0.2369 0.0745
21 225 145 -0.1818 0.7613
22 225 150 0.2256 0.0783
23 229 191 -0.0547 0.9998
24 231 190 0.0548 0.9991
25 206 193 -0.0772 0.9789
26 206 190 0.0472 0.5943
27 211 221 -0.0754 0.9904
28 209 215 0.0675 0.6105
29 215 226 -0.0737 0.9821
30 211 219 0.0689 0.6889
31 198 224 -0.0821 0.9799
32 197 220 0.0672 0.6147
