0 203 88 -0.2280 1.0000
1 205 84 -0.2070 1.0000
2 206 84 -0.2071 1.0000
3 208 84 -0.2072 1.0000
4 200 84 -0.2053 1.0000
5 199 84 -0.2054 1.0000
6 197 85 -0.2054 1.0000
7 210 86 -0.0883 1.0000
8 195 87 -0.0804 1.0000
9 206 92 -0.1842 1.0000
10 200 93 -0.1821 1.0000
11 225 110 -0.0311 1.0000
12 184 110 -0.0212 1.0000
13 231 137 -0.1367 0.9702
14 180 138 -0.1092 0.9702
15 234 155 -0.3623 0.9631
16 173 159 -0.3365 0.9707
17 238 161 -0.4153 0.9524
18 167 165 -0.3851 0.9604
19 235 160 -0.4363 0.9533
20 170 164 -0.4109 0.9624
21 233 159 -0.3761 0.9327
22 173 162 -0.3522 0.9538
23 217 162 -0.0001 0.9999
24 193 161 0.0003 0.9999
25 239 169 -0.3754 0.9931
26 172 171 -0.3764 0.9954
27 236 217 -0.3009 0.9794
28 178 218 -0.2861 0.9898
29 232 227 -0.3012 0.9784
30 183 227 -0.2840 0.9797
31 250 227 -0.4425 0.9728
32 162 232 -0.4284 0.9794
