0 127 107 -0.9596 0.9989
1 125 103 -1.0279 0.9992
2 125 103 -1.0276 0.9992
3 126 103 -1.0276 0.9992
4 123 99 -0.9576 0.9986
5 122 98 -0.9580 0.9986
6 122 96 -0.9583 0.9987
7 130 97 -1.1141 0.9989
8 123 89 -0.8035 0.9984
9 133 109 -0.9673 0.9995
10 131 105 -0.8779 0.9993
11 173 106 -1.0721 0.9999
12 133 80 -0.4611 1.0000
13 193 167 -1.0612 0.9013
14 118 123 -0.0937 0.5878
15 205 214 -1.0802 0.8160
16 87 172 0.0618 0.5440
17 216 223 -1.1644 0.7315
18 79 167 0.1106 0.5386
19 210 224 -1.2113 0.7461
20 80 168 0.0030 0.5732
21 206 221 -1.1009 0.7045
22 84 167 0.0266 0.5825
23 211 179 -0.2418 0.9991
24 185 162 0.2418 0.9995
25 106 179 -0.5192 0.6924
26 98 172 0.2723 0.6528
27 91 187 0.1320 0.2216
28 89 186 0.3417 0.3329
29 100 202 0.2060 0.2479
30 108 197 0.3534 0.2881
31 62 191 0.2829 0.2840
32 91 191 0.3740 0.4120
