0 174 83 -0.7645 0.9997
1 177 78 -0.7618 0.9995
2 179 78 -0.7616 0.9993
3 181 78 -0.7616 0.9994
4 173 77 -0.7403 0.9996
5 173 77 -0.7406 0.9995
6 172 76 -0.7407 0.9996
7 186 79 -0.6233 0.9993
8 172 76 -0.5187 0.9991
9 178 88 -0.7024 0.9999
10 173 87 -0.6727 0.9998
11 201 99 -0.5392 0.9999
12 160 91 -0.2736 0.9998
13 184 134 -0.6504 0.9652
14 132 110 -0.3189 0.8499
15 147 130 -0.7677 0.9165
16 106 140 -0.5112 0.6804
17 137 131 -0.8368 0.8717
18 96 146 -0.5644 0.5793
19 135 127 -0.8349 0.8667
20 100 148 -0.6157 0.5804
21 138 126 -0.7686 0.8004
22 105 147 -0.5398 0.5808
23 191 149 -0.1059 0.9996
24 167 141 0.1058 0.9986
25 176 132 -0.7363 0.9928
26 138 112 -0.2885 0.9000
27 147 197 -0.6310 0.9834
28 98 159 -0.2050 0.8609
29 147 204 -0.6245 0.8800
30 98 165 -0.2032 0.8602
31 123 217 -0.8625 0.9764
32 77 166 -0.3809 0.8797
