0 235 111 -0.0009 0.9916
1 235 106 -0.0239 0.9931
2 235 106 -0.0239 0.9934
3 236 105 -0.0239 0.9937
4 235 106 0.0054 0.9939
5 236 105 0.0053 0.9944
6 237 105 0.0052 0.9958
7 241 105 -0.0792 0.9909
8 242 104 0.0529 0.9949
9 238 113 -0.0181 0.9916
10 238 113 0.0202 0.9878
11 259 127 -0.1439 0.9978
12 254 127 0.1442 0.9975
13 248 157 -0.1879 0.4952
14 243 152 0.2374 0.1088
15 233 165 -0.1611 0.4401
16 224 142 0.2553 0.2783
17 230 166 -0.1726 0.4729
18 219 139 0.2673 0.3169
19 230 163 -0.1721 0.4596
20 218 135 0.2522 0.3197
21 232 162 -0.1592 0.4019
22 219 137 0.2483 0.3113
23 264 192 -0.0990 0.9962
24 259 189 0.0990 0.9971
25 213 185 -0.1307 0.9212
26 219 185 0.0678 0.7407
27 211 238 -0.0702 0.9650
28 214 235 0.0763 0.7434
29 218 246 -0.0633 0.9380
30 230 244 0.0756 0.7656
31 188 249 -0.0809 0.9554
32 198 249 0.0565 0.7776
