0 229 90 0.0163 0.9947
1 230 85 -0.0119 0.9967
2 230 85 -0.0118 0.9974
3 230 85 -0.0118 0.9974
4 231 85 0.0181 0.9965
5 232 85 0.0181 0.9968
6 232 85 0.0180 0.9970
7 234 87 -0.0875 0.9948
8 238 86 0.0476 0.9982
9 231 94 -0.0082 0.9942
10 232 94 0.0308 0.9913
11 244 112 -0.1725 0.9990
12 248 110 0.1242 0.9834
13 243 127 -0.3384 0.5076
14 245 120 0.3023 0.0141
15 234 109 -0.4424 0.5938
16 236 101 0.4777 0.0284
17 231 100 -0.4696 0.6742
18 234 94 0.5092 0.0540
19 235 102 -0.4648 0.6627
20 232 94 0.5049 0.0535
21 236 104 -0.4433 0.5820
22 231 99 0.4787 0.0581
23 256 188 -0.1118 0.9992
24 255 183 0.1118 0.9969
25 199 190 -0.1466 0.9553
26 200 184 0.0881 0.5624
27 209 248 -0.1350 0.9797
28 204 233 0.1207 0.5310
29 217 259 -0.1313 0.9535
30 208 241 0.1226 0.6146
31 176 258 -0.1582 0.9535
32 177 243 0.1110 0.5893
