0 22 30 -0.1987 1.0000
1 26 24 -0.1189 1.0000
2 28 24 -0.1190 1.0000
3 31 24 -0.1193 1.0000
4 18 25 -0.1139 1.0000
5 16 25 -0.1139 1.0000
6 14 26 -0.1140 1.0000
7 35 27 0.2789 1.0000
8 12 30 0.3043 1.0000
9 27 36 -0.0526 1.0000
10 18 37 -0.0454 1.0000
11 53 59 0.4527 1.0000
12 1 60 0.3937 1.0000
13 60 94 0.0928 0.9747
14 -18 100 0.0124 0.9906
15 45 102 -0.5841 0.9753
16 1 100 -0.6899 0.9875
17 45 111 -0.7486 0.9615
18 11 101 -0.8685 0.9784
19 39 108 -0.7689 0.9628
20 12 94 -0.8786 0.9789
21 38 105 -0.6056 0.9568
22 10 93 -0.7022 0.9757
23 37 125 0.0458 0.9997
24 8 124 -0.0441 0.9994
25 24 133 -1.2623 0.9840
26 18 117 -1.4096 0.9914
27 11 218 -1.5289 0.9815
28 30 199 -1.5786 0.9510
29 6 226 -1.5695 0.9732
30 29 207 -1.6007 0.9526
31 14 251 -2.0791 0.9783
32 47 233 -2.0902 0.9351
