0 126 27 -0.0288 0.9994
1 130 22 -0.0798 0.9993
2 131 22 -0.0799 0.9992
3 132 22 -0.0801 0.9995
4 130 22 0.0067 0.9995
5 131 22 0.0067 0.9994
6 131 22 0.0064 0.9997
7 141 27 -0.2190 0.9989
8 140 26 0.1572 0.9996
9 128 35 -0.0789 0.9994
10 128 35 0.0317 0.9987
11 152 65 -0.4574 0.9993
12 147 63 0.4086 0.9954
13 138 120 -0.4616 0.9101
14 131 115 0.4972 0.0391
15 103 147 -0.2255 0.7130
16 101 142 0.3791 0.0222
17 96 155 -0.2610 0.6452
18 94 147 0.3752 0.0257
19 93 150 -0.2447 0.6349
20 92 144 0.3141 0.0247
21 95 147 -0.2111 0.6013
22 94 144 0.3434 0.0279
23 150 152 -0.2621 0.9991
24 140 145 0.2621 0.9984
25 67 169 -0.3435 0.9509
26 66 165 0.1065 0.4558
27 63 247 -0.1571 0.9574
28 60 236 0.2751 0.4639
29 69 259 -0.1332 0.9414
30 66 250 0.2860 0.5162
31 29 253 -0.1982 0.9448
32 27 245 0.2054 0.5103
