0 107 52 -0.5452 1.0000
1 109 50 -0.5235 1.0000
2 110 50 -0.5235 1.0000
3 110 50 -0.5237 0.9999
4 106 49 -0.5328 1.0000
5 104 48 -0.5329 1.0000
6 103 48 -0.5329 1.0000
7 111 51 -0.3307 0.9999
8 100 48 -0.3792 1.0000
9 107 56 -0.4656 1.0000
10 104 54 -0.4802 1.0000
11 114 60 -0.1783 0.9999
12 89 58 -0.2509 1.0000
13 114 78 -0.3626 0.9750
14 83 77 -0.3008 0.9925
15 111 63 -0.7155 0.9857
16 93 81 -0.4913 0.9750
17 110 58 -0.7863 0.9736
18 95 86 -0.5352 0.9508
19 110 56 -0.7559 0.9689
20 98 85 -0.5358 0.9463
21 110 57 -0.7110 0.9453
22 97 83 -0.4897 0.9173
23 104 85 0.0215 0.9993
24 91 84 -0.0213 0.9996
25 117 84 -0.5064 0.9636
26 84 85 -0.6528 0.9866
27 105 108 -0.2523 0.9293
28 91 108 -0.3299 0.9755
29 102 111 -0.2324 0.9431
30 93 111 -0.3024 0.9579
31 108 116 -0.4012 0.9288
32 92 117 -0.4832 0.9520
