0 241 70 0.0222 0.9995
1 243 63 -0.0016 0.9996
2 244 63 -0.0015 0.9996
3 245 63 -0.0016 0.9996
4 243 63 0.0309 0.9996
5 244 63 0.0308 0.9996
6 244 63 0.0307 0.9996
7 251 64 -0.0489 0.9994
8 251 63 0.1010 0.9997
9 244 75 0.0076 0.9996
10 244 75 0.0515 0.9995
11 267 91 -0.1373 0.9998
12 255 87 0.1973 0.9988
13 229 118 -0.2271 0.8798
14 227 110 0.2699 0.1177
15 202 95 -0.2538 0.9552
16 198 94 0.2383 0.2919
17 192 89 -0.2831 0.9485
18 189 91 0.2361 0.3338
19 194 84 -0.2721 0.9460
20 189 86 0.2095 0.3234
21 197 86 -0.2507 0.9340
22 193 88 0.2231 0.3335
23 252 166 -0.1202 0.9998
24 250 155 0.1200 0.9993
25 203 114 -0.1535 0.9940
26 202 109 0.1232 0.4492
27 159 171 -0.1317 0.9941
28 160 163 0.0729 0.6069
29 160 182 -0.1254 0.9799
30 158 172 0.0640 0.5683
31 125 174 -0.1472 0.9841
32 130 169 0.0147 0.5963
