0 142 80 -0.2781 0.9999
1 145 75 -0.2986 0.9999
2 146 75 -0.2987 0.9999
3 147 75 -0.2988 0.9999
4 144 75 -0.2587 0.9999
5 144 75 -0.2587 0.9999
6 144 75 -0.2588 0.9999
7 156 76 -0.3075 0.9999
8 149 76 -0.1291 0.9999
9 145 84 -0.2748 0.9999
10 143 84 -0.2234 0.9999
11 164 100 -0.3634 0.9999
12 148 94 0.0536 0.9999
13 156 140 -0.3452 0.9713
14 143 123 0.1848 0.0879
15 128 149 -0.2229 0.8342
16 131 144 0.1681 0.0467
17 120 153 -0.2480 0.7802
18 127 150 0.1697 0.0589
19 119 148 -0.2489 0.7895
20 128 149 0.1368 0.0615
21 123 146 -0.2179 0.7236
22 130 147 0.1532 0.0692
23 164 159 -0.1372 0.9999
24 153 148 0.1374 0.9999
25 114 170 -0.1626 0.9523
26 113 151 0.1837 0.5811
27 135 205 0.0603 0.9388
28 124 192 0.3282 0.6258
29 144 213 0.0876 0.9266
30 130 197 0.3424 0.6542
31 120 220 0.1035 0.9364
32 109 205 0.3470 0.6564
