0 100 40 -0.1467 0.9969
1 96 36 -0.1165 0.9960
2 96 36 -0.1167 0.9957
3 95 36 -0.1168 0.9970
4 96 36 -0.2038 0.9962
5 95 36 -0.2039 0.9960
6 94 36 -0.2041 0.9972
7 88 39 0.0318 0.9960
8 88 40 -0.3594 0.9972
9 99 45 -0.0835 0.9971
10 98 45 -0.1967 0.9987
11 83 67 0.2943 0.9978
12 79 69 -0.5651 0.9998
13 86 104 0.3683 0.0379
14 87 108 -0.6408 0.9798
15 103 131 0.2012 0.0196
16 119 124 -0.5212 0.8966
17 106 138 0.1864 0.0263
18 126 131 -0.5875 0.8592
19 106 136 0.1376 0.0259
20 128 128 -0.5651 0.8494
21 104 133 0.1704 0.0282
22 126 125 -0.5086 0.7870
23 83 128 0.2692 0.9966
24 80 131 -0.2690 0.9969
25 125 140 0.3023 0.2435
26 129 140 -0.3107 0.9705
27 131 194 0.4925 0.4641
28 135 199 -0.0212 0.9687
29 126 206 0.5025 0.5612
30 128 211 0.0086 0.9368
31 153 203 0.4311 0.5844
32 160 208 -0.0458 0.9515
