0 101 43 -0.7517 1.0000
1 105 37 -0.7012 1.0000
2 107 37 -0.7012 1.0000
3 109 38 -0.7012 1.0000
4 98 37 -0.7020 1.0000
5 95 37 -0.7021 1.0000
6 93 37 -0.7022 1.0000
7 113 41 -0.4125 1.0000
8 90 40 -0.4138 1.0000
9 105 50 -0.6422 1.0000
10 96 49 -0.6422 1.0000
11 133 73 -0.2679 0.9999
12 72 73 -0.3013 1.0000
13 136 118 -0.3865 0.9798
14 65 117 -0.4119 0.9953
15 115 142 -0.7623 0.9405
16 90 140 -0.6786 0.9782
17 112 152 -0.8839 0.9003
18 96 150 -0.7903 0.9485
19 108 147 -0.9131 0.8988
20 103 145 -0.8072 0.9478
21 108 142 -0.7828 0.8850
22 102 141 -0.6870 0.9395
23 121 140 -0.0071 0.9997
24 86 140 0.0079 0.9997
25 145 152 -1.0348 0.9894
26 62 150 -1.0121 0.9912
27 122 216 -0.7206 0.9732
28 79 215 -0.7368 0.9804
29 113 225 -0.7022 0.9303
30 87 225 -0.7197 0.9442
31 127 240 -1.0775 0.9631
32 71 239 -1.0838 0.9673
