0 187 110 -0.0730 0.9996
1 187 106 -0.0885 0.9998
2 188 106 -0.0885 0.9998
3 188 105 -0.0887 0.9998
4 186 106 -0.0603 0.9998
5 186 106 -0.0603 0.9997
6 187 106 -0.0603 0.9998
7 196 104 -0.1145 0.9999
8 193 105 0.0103 0.9999
9 190 113 -0.0802 1.0000
10 189 113 -0.0441 0.9999
11 219 122 -0.1470 0.9999
12 202 128 0.0874 0.9994
13 224 156 -0.1497 0.9525
14 202 156 0.0296 0.1280
15 196 162 -0.0910 0.8710
16 192 155 -0.1275 0.0871
17 190 163 -0.1073 0.7771
18 190 154 -0.1415 0.0829
19 188 157 -0.0945 0.7742
20 189 152 -0.1503 0.0821
21 190 157 -0.0823 0.7042
22 190 152 -0.1368 0.0938
23 230 176 -0.0585 0.9994
24 218 178 0.0585 0.9994
25 222 223 -0.1092 0.6929
26 212 220 0.0742 0.3584
27 218 233 0.1520 0.0334
28 216 236 0.2208 0.0655
29 220 233 0.1795 0.0698
30 218 237 0.2359 0.0749
31 210 241 0.1848 0.0604
32 210 246 0.2268 0.1001
