0 207 160 -0.0020 0.9945
1 207 158 -0.0121 0.9961
2 207 158 -0.0121 0.9962
3 207 158 -0.0121 0.9968
4 207 158 0.0035 0.9939
5 207 158 0.0035 0.9932
6 207 158 0.0035 0.9943
7 209 158 -0.0364 0.9940
8 209 158 0.0336 0.9875
9 208 162 -0.0097 0.9940
10 208 162 0.0105 0.9855
11 217 167 -0.0734 0.9996
12 213 166 0.0739 0.9945
13 208 180 -0.0908 0.9355
14 208 180 0.0840 0.0198
15 196 175 -0.0411 0.8797
16 202 179 0.0387 0.0379
17 191 175 -0.0452 0.8286
18 200 180 0.0371 0.0596
19 192 173 -0.0388 0.8263
20 200 178 0.0303 0.0594
21 193 173 -0.0360 0.7544
22 201 178 0.0340 0.0617
23 214 194 -0.0492 0.9987
24 210 194 0.0492 0.9983
25 194 184 -0.0991 0.9735
26 191 188 -0.0103 0.6721
27 187 209 -0.0740 0.9806
28 190 213 -0.0086 0.8471
29 189 213 -0.0699 0.9608
30 193 216 -0.0089 0.8068
31 177 215 -0.0792 0.9760
32 184 220 -0.0242 0.8597
