0 216 96 -0.8106 1.0000
1 220 89 -0.8076 1.0000
2 223 89 -0.8075 1.0000
3 225 88 -0.8076 1.0000
4 212 89 -0.8058 1.0000
5 210 89 -0.8059 1.0000
6 208 88 -0.8059 1.0000
7 228 84 -0.6283 1.0000
8 204 82 -0.6189 1.0000
9 221 100 -0.7281 1.0000
10 212 99 -0.7260 1.0000
11 251 94 -0.4233 1.0000
12 185 100 -0.4001 1.0000
13 276 145 -0.6255 0.9964
14 155 149 -0.6176 0.9987
15 246 144 -0.9950 0.9754
16 190 145 -0.9755 0.9886
17 234 149 -1.0786 0.9330
18 201 144 -1.0537 0.9621
19 231 141 -1.0618 0.9219
20 201 136 -1.0345 0.9529
21 234 138 -0.9944 0.8525
22 198 136 -0.9717 0.9135
23 240 164 -0.0148 0.9994
24 204 168 0.0151 0.9998
25 260 165 -0.6383 0.9842
26 173 166 -0.6212 0.9886
27 259 245 -0.5096 0.9460
28 182 250 -0.4952 0.9678
29 256 255 -0.5080 0.8960
30 191 258 -0.4932 0.9429
31 268 271 -0.7507 0.9301
32 163 265 -0.7215 0.9382
