0 127 69 -0.5822 1.0000
1 132 60 -0.5410 1.0000
2 136 60 -0.5411 1.0000
3 139 60 -0.5413 1.0000
4 121 62 -0.5331 1.0000
5 118 63 -0.5333 1.0000
6 114 64 -0.5335 1.0000
7 146 66 -0.3247 1.0000
8 111 71 -0.2857 1.0000
9 136 79 -0.5033 1.0000
10 122 81 -0.4920 1.0000
11 178 127 -0.2546 1.0000
12 88 126 -0.2059 0.9999
13 183 201 -0.3308 0.9983
14 76 195 -0.2844 0.9972
15 140 234 -0.5663 0.9925
16 114 234 -0.5266 0.9719
17 127 248 -0.6647 0.9793
18 122 250 -0.6178 0.9332
19 120 237 -0.6615 0.9816
20 132 241 -0.6249 0.9373
21 123 232 -0.5672 0.9766
22 129 236 -0.5322 0.9312
23 157 232 -0.0210 0.9921
24 104 235 0.0220 0.9949
25 179 278 -0.7514 0.9062
26 68 244 -0.8194 0.9495
27 162 349 -0.1680 0.4339
28 109 354 -0.3978 0.6823
29 157 355 -0.1173 0.4668
30 116 366 -0.3612 0.6185
31 159 385 -0.3670 0.3100
32 108 396 -0.6502 0.4415
