0 146 33 -0.5636 1.0000
1 151 26 -0.5166 1.0000
2 154 26 -0.5166 1.0000
3 157 25 -0.5167 1.0000
4 143 25 -0.5103 1.0000
5 141 25 -0.5105 1.0000
6 140 25 -0.5105 1.0000
7 162 28 -0.2579 1.0000
8 139 28 -0.2288 1.0000
9 152 41 -0.4693 1.0000
10 143 41 -0.4613 1.0000
11 188 73 -0.1587 1.0000
12 117 72 -0.0526 1.0000
13 200 123 -0.2951 0.9956
14 104 118 -0.1024 0.9506
15 180 152 -0.6423 0.9691
16 90 148 -0.4654 0.8738
17 174 162 -0.7318 0.9375
18 86 156 -0.5520 0.8222
19 171 157 -0.7723 0.9425
20 88 154 -0.6087 0.8386
21 171 153 -0.6643 0.9324
22 90 152 -0.4972 0.8279
23 160 147 -0.0504 1.0000
24 123 142 0.0509 0.9999
25 147 153 -0.9789 0.9937
26 95 151 -0.7700 0.9842
27 145 237 -0.7484 0.9872
28 88 236 -0.5905 0.9739
29 145 247 -0.7329 0.9603
30 94 248 -0.5839 0.9292
31 131 270 -1.0535 0.9855
32 80 265 -0.9229 0.9628
