0 180 87 -0.1311 1.0000
1 180 80 -0.1407 1.0000
2 181 80 -0.1406 1.0000
3 183 79 -0.1407 1.0000
4 178 81 -0.1042 1.0000
5 178 80 -0.1041 1.0000
6 178 80 -0.1041 1.0000
7 192 75 -0.1131 1.0000
8 187 76 0.0559 1.0000
9 186 89 -0.1169 1.0000
10 184 89 -0.0686 1.0000
11 225 75 -0.1149 1.0000
12 197 102 0.1631 0.9998
13 265 85 -0.3630 0.9989
14 205 129 0.0383 0.8811
15 226 95 -0.5976 0.9963
16 199 139 -0.2910 0.9016
17 219 103 -0.6583 0.9897
18 197 142 -0.3449 0.8741
19 216 103 -0.6335 0.9881
20 194 137 -0.3504 0.8611
21 218 100 -0.5887 0.9784
22 198 137 -0.3033 0.8438
23 252 133 -0.0922 1.0000
24 234 148 0.0920 0.9999
25 237 137 -0.5872 0.9986
26 208 192 -0.1850 0.9904
27 272 192 -0.5476 0.9972
28 271 174 -0.1184 0.9860
29 275 197 -0.5455 0.9912
30 278 167 -0.1120 0.9776
31 274 222 -0.7046 0.9983
32 295 182 -0.2107 0.9888
