0 388 103 -0.1799 1.0000
1 389 100 -0.1566 1.0000
2 391 100 -0.1566 1.0000
3 392 101 -0.1566 1.0000
4 385 101 -0.1602 1.0000
5 383 101 -0.1602 1.0000
6 381 102 -0.1602 1.0000
7 394 104 -0.0422 1.0000
8 378 106 -0.0585 1.0000
9 391 109 -0.1379 1.0000
10 385 109 -0.1425 1.0000
11 408 128 0.0288 0.9999
12 370 132 -0.0350 0.9999
13 430 115 -0.1219 0.9912
14 370 160 -0.0945 0.9858
15 427 86 -0.2997 0.9741
16 397 172 -0.1688 0.9537
17 429 78 -0.3435 0.9377
18 398 177 -0.1972 0.9036
19 426 77 -0.3263 0.9335
20 407 174 -0.2003 0.9047
21 425 80 -0.3008 0.9352
22 400 171 -0.1698 0.8981
23 405 180 0.0119 0.9998
24 382 181 -0.0115 0.9996
25 405 187 -0.3006 0.9682
26 400 185 -0.3283 0.9817
27 378 245 -0.2341 0.9552
28 407 244 -0.2702 0.9587
29 372 250 -0.2300 0.9434
30 404 254 -0.2658 0.9424
31 366 263 -0.3446 0.9467
32 418 266 -0.3813 0.9491
