0 63 55 -0.8157 1.0000
1 64 46 -0.8479 0.9999
2 67 44 -0.8480 0.9999
3 70 43 -0.8485 0.9999
4 58 49 -0.8084 0.9999
5 56 50 -0.8086 0.9999
6 54 51 -0.8091 0.9999
7 78 40 -0.8074 1.0000
8 56 51 -0.6274 0.9999
9 72 59 -0.7859 1.0000
10 64 63 -0.7337 1.0000
11 120 63 -0.6838 1.0000
12 51 80 -0.4921 0.9998
13 146 122 -0.5735 0.9984
14 38 127 -0.3640 0.9891
15 137 178 -0.5703 0.9876
16 33 175 -0.4028 0.9265
17 140 192 -0.6229 0.9704
18 26 189 -0.4177 0.8662
19 132 192 -0.6590 0.9709
20 32 189 -0.4883 0.8678
21 129 188 -0.5780 0.9669
22 37 185 -0.4319 0.8703
23 119 154 -0.0072 0.9994
24 81 155 0.0067 0.9985
25 138 222 -0.1245 0.4059
26 76 212 0.0047 0.5541
27 130 275 0.2025 0.1633
28 74 276 0.2446 0.2067
29 129 284 0.2227 0.1669
30 75 282 0.2625 0.1105
31 143 304 0.0510 0.1400
32 69 302 0.0804 0.1498
