0 186 112 -0.0391 0.9998
1 186 107 -0.0645 0.9999
2 187 107 -0.0645 0.9999
3 187 107 -0.0645 0.9999
4 186 107 -0.0319 0.9999
5 187 107 -0.0320 0.9999
6 187 106 -0.0320 0.9999
7 193 105 -0.1282 0.9999
8 193 105 0.0162 0.9998
9 191 115 -0.0609 0.9999
10 191 115 -0.0189 0.9998
11 213 126 -0.1971 0.9999
12 214 119 0.1155 0.9990
13 201 161 -0.1458 0.9460
14 203 155 0.1553 0.0579
15 180 148 0.0410 0.9012
16 182 148 0.1018 0.0838
17 173 146 0.0468 0.8591
18 175 145 0.1010 0.1070
19 175 141 0.0438 0.8558
20 172 147 0.0928 0.1030
21 178 142 0.0467 0.8212
22 174 148 0.0947 0.1082
23 235 191 -0.0983 0.9994
24 229 181 0.0983 0.9985
25 180 193 -0.1354 0.9797
26 180 178 0.1457 0.4675
27 191 244 -0.1093 0.9800
28 184 225 0.1921 0.5983
29 199 254 -0.1065 0.9604
30 190 235 0.1944 0.6872
31 164 255 -0.1245 0.9793
32 159 235 0.1960 0.7449
