0 73 32 -0.2312 1.0000
1 71 26 -0.1605 1.0000
2 72 26 -0.1609 1.0000
3 72 26 -0.1611 1.0000
4 66 26 -0.2201 1.0000
5 64 26 -0.2202 1.0000
6 61 26 -0.2203 1.0000
7 66 30 0.1692 1.0000
8 50 33 -0.1019 1.0000
9 73 40 -0.1111 1.0000
10 68 40 -0.1889 1.0000
11 74 69 0.3106 0.9999
12 13 72 -0.1836 0.9998
13 116 74 -0.0279 0.9613
14 18 132 -0.3293 0.9463
15 107 72 -0.5647 0.8752
16 73 145 -0.4196 0.8290
17 107 83 -0.6913 0.7625
18 82 154 -0.4788 0.7498
19 95 82 -0.6115 0.7551
20 85 144 -0.5048 0.7482
21 92 80 -0.5471 0.7304
22 87 143 -0.4168 0.7293
23 68 153 0.1679 0.9979
24 31 163 -0.1671 0.9991
25 116 94 -0.2171 0.9637
26 61 142 -1.1072 0.9951
27 108 186 -0.3067 0.9181
28 132 221 -1.1110 0.9884
29 93 196 -0.3101 0.9277
30 132 226 -1.0922 0.9853
31 125 203 -0.5089 0.8972
32 173 236 -1.3625 0.9766
